,day_x,time,SZA,global,direct,diffuse,day_y,sza,eglo,edir,edn,eup,enet,direct_h,edir_h
0,120,4,89.193,2.7,22.3,2.3,120,89.021,6.1095749999999995,0.2648113,5.8447640000000005,1.2219149999999999,4.8876599999999994,0.314080812625495,0.3810165055511101
1,120,5,86.347,33.8,186.6,21.9,120,86.141,35.969989999999996,11.68952,24.28047,7.193998,28.77599,11.888974873583301,12.558431054281398
2,120,6,83.482,77.9,325.7,40.9,120,83.243,77.48272,37.183800000000005,40.298919999999995,15.496540000000001,61.98617,36.97194883730691,38.321446009524315
3,120,7,80.79,123.7,427.6,55.3,120,80.519,122.08739999999999,69.22294000000001,52.8645,24.41749,97.66995,68.43886507008409,70.43449952624277
4,120,8,78.452,165.3,498.6,65.5,120,78.152,163.38479999999998,101.1364,62.24834,32.67695,130.7078,99.81413775415243,102.3705745575014
5,120,9,76.633,198.3,545.1,72.3,120,76.309,196.5718,127.7972,68.77462,39.31436,157.2575,126.02035334763201,129.0172838014396
6,120,10,75.468,219.6,571.7,76.2,120,75.125,218.2192,145.555,72.66417999999999,43.64383,174.5753,143.45135311221213,146.7617402040189
7,120,11,75.046,227.4,580.7,77.5,120,74.689,226.235,152.19320000000002,74.04178999999999,45.24699,180.988,149.84584118024597,153.33861232120793
8,120,12,75.399,220.9,573.2,76.4,120,75.034,219.8797,146.9275,72.95219999999999,43.97595,175.9038,144.49583730542085,148.02649694052462
