,day,time,SZA,global,direct,diffuse,sza,eglo,edir,edn,eup,enet,direct_h,edir_h
0,120,6,83.303,79.5,327.7,41.2,83.214,76.62388,36.86148,39.7624,15.32478,61.299099999999996,38.215959343435664,38.72147030845228
1,120,7,72.244,274.4,623.7,84.2,72.152,268.601,188.4396,80.16139,53.7202,214.8808,190.20606676534717,191.1595915742528
2,120,8,61.602,474.6,762.1,105.9,60.958,471.7333,366.6978,105.0354,94.34666,377.3866,362.44980882895953,369.9619172465153
3,120,9,50.12,655.8,837.9,118.5,49.999,656.1068,534.8039,121.3028,131.22129999999999,524.8854,537.2462313420615,538.6029407954323
4,120,10,39.99,801.7,881.6,126.3,39.836,804.3884,672.7458,131.64260000000002,160.8777,643.5106999999999,675.443675356847,676.9640475659908
5,120,11,31.757,900.7,905.6,130.7,31.555,904.8234,767.1998000000001,137.6235,180.96470000000002,723.8587,770.0207489467538,771.6963620477146
6,120,12,27.396,945.1,915.2,132.5,27.143,949.9112,809.8136,140.0976,189.9822,759.9289,812.5580420476776,814.4096383976682
7,120,13,28.805,931.4,912.3,132.0,28.537,936.3261,796.9619,139.3642,187.26520000000002,749.0609000000001,799.4162272113335,801.463572545512
8,120,14,35.281,860.7,896.3,129.0,35.03,865.0946,729.7532,135.3414,173.0189,692.0756,731.6758351135784,733.9366963358527
9,120,15,44.591,738.5,864.1,123.1,44.36,741.5241,614.0188,127.5052,148.3048,593.2192,615.3570037466484,617.7977678158169
10,120,16,55.196,574.3,807.05,113.4,54.973,575.0459000000001,460.3514,114.69439999999999,115.00919999999999,460.0367,460.64064945631816,463.21634600814735
11,120,17,66.304,381.9,708.2,97.2,66.08,379.68859999999995,284.73609999999996,94.95242,75.93771000000001,303.75079999999997,284.6141428307063,287.14726556236246
12,120,18,77.468,180.0,515.7,68.1,77.235,176.7714,112.308,64.46338,35.354279999999996,141.4171,111.89908544653626,113.94534425110463
13,120,19,88.358,9.2,68.4,7.3,88.106,13.59789,1.990081,11.607809999999999,2.719579,10.878309999999999,1.9599598410719337,2.260655296113851
