time sza eglo edir edn eup enet
6 83.214  7.662388e+04  3.686148e+04  3.976240e+04  1.532478e+04  6.129910e+04
7 72.152  2.686010e+05  1.884396e+05  8.016139e+04  5.372020e+04  2.148808e+05
8 60.958  4.717333e+05  3.666978e+05  1.050354e+05  9.434666e+04  3.773866e+05
9 49.999  6.561068e+05  5.348039e+05  1.213028e+05  1.312213e+05  5.248854e+05
10 39.836  8.043884e+05  6.727458e+05  1.316426e+05  1.608777e+05  6.435107e+05
11 31.555  9.048234e+05  7.671998e+05  1.376235e+05  1.809647e+05  7.238587e+05
12 27.143  9.499112e+05  8.098136e+05  1.400976e+05  1.899822e+05  7.599289e+05 
13 28.537  9.363261e+05  7.969619e+05  1.393642e+05  1.872652e+05  7.490609e+05
14 35.030  8.650946e+05  7.297532e+05  1.353414e+05  1.730189e+05  6.920756e+05
15 44.360  7.415241e+05  6.140188e+05  1.275052e+05  1.483048e+05  5.932192e+05
16 54.973  5.750459e+05  4.603514e+05  1.146944e+05  1.150092e+05  4.600367e+05
17 66.080  3.796886e+05  2.847361e+05  9.495242e+04  7.593771e+04  3.037508e+05
18 77.235  1.767714e+05  1.123080e+05  6.446338e+04  3.535428e+04  1.414171e+05
19 88.106  1.359789e+04  1.990081e+03  1.160781e+04  2.719579e+03  1.087831e+04
