Wavelength Global Direct Diffuse
300 0.00034 0.00007 0.00031
301 0.00111 0.00023 0.00099
302 0.00134 0.00029 0.00120
303 0.00411 0.00092 0.00365
304 0.00494 0.00113 0.00437
305 0.01048 0.00248 0.00924
306 0.01191 0.00289 0.01046
307 0.01894 0.00473 0.01657
308 0.02633 0.00676 0.02295
309 0.03035 0.00801 0.02635
310 0.03433 0.00930 0.02968
311 0.06729 0.01870 0.05794
312 0.05967 0.01701 0.05117
313 0.07909 0.02311 0.06754
314 0.08284 0.02480 0.07044
315 0.10182 0.03122 0.08621
316 0.08049 0.02527 0.06786
317 0.11945 0.03838 0.10026
318 0.11636 0.03824 0.09724
319 0.13511 0.04541 0.11241
320 0.13020 0.04472 0.10784
321 0.16606 0.05828 0.13692
322 0.14369 0.05151 0.11794
323 0.12765 0.04672 0.10429
324 0.16710 0.06241 0.13589
325 0.18215 0.06941 0.14745
326 0.25912 0.10070 0.20877
327 0.26280 0.10413 0.21073
328 0.21711 0.08768 0.17327
329 0.26450 0.10883 0.21008
330 0.27890 0.11688 0.22046
331 0.22494 0.09599 0.17695
332 0.25397 0.11032 0.19881
333 0.28880 0.12765 0.22497
334 0.24432 0.10986 0.18939
335 0.26582 0.12157 0.20504
336 0.20092 0.09342 0.15421
337 0.19269 0.09107 0.14716
338 0.23861 0.11460 0.18131
339 0.24212 0.11814 0.18305
340 0.27395 0.13576 0.20607
341 0.23418 0.11784 0.17526
342 0.24762 0.12649 0.18438
343 0.25068 0.12996 0.18570
344 0.22703 0.11943 0.16732
345 0.29383 0.15679 0.21543
346 0.32826 0.17765 0.23944
347 0.31450 0.17258 0.22821
348 0.29861 0.16612 0.21555
349 0.33007 0.18610 0.23702
350 0.34043 0.19450 0.24318
351 0.32273 0.18680 0.22933
352 0.33607 0.19703 0.23755
353 0.30731 0.18246 0.21608
354 0.35696 0.21459 0.24966
355 0.36447 0.22180 0.25357
356 0.34762 0.21411 0.24056
357 0.22317 0.13910 0.15362
358 0.24432 0.15407 0.16728
359 0.24742 0.15783 0.16851
360 0.36853 0.23777 0.24965
361 0.29407 0.19186 0.19814
362 0.32450 0.21405 0.21748
363 0.34763 0.23181 0.23173
364 0.34577 0.23304 0.22925
365 0.32810 0.22347 0.21636
366 0.45276 0.31158 0.29696
367 0.40671 0.28277 0.26533
368 0.38583 0.27096 0.25035
369 0.37118 0.26327 0.23955
370 0.43027 0.30818 0.27618
371 0.34475 0.24931 0.22009
372 0.36532 0.26671 0.23197
373 0.36656 0.27012 0.23149
374 0.28544 0.21229 0.17929
375 0.26254 0.19705 0.16402
376 0.37675 0.28531 0.23410
377 0.38784 0.29631 0.23968
378 0.50449 0.38881 0.31009
379 0.39032 0.30342 0.23862
380 0.36832 0.28875 0.22395
381 0.41275 0.32629 0.24960
382 0.30918 0.24644 0.18596
383 0.21569 0.17332 0.12903
384 0.23784 0.19265 0.14151
385 0.35716 0.29160 0.21136
386 0.27880 0.22941 0.16410
387 0.32030 0.26559 0.18751
388 0.31784 0.26555 0.18506
389 0.36137 0.30419 0.20928
390 0.44105 0.37400 0.25404
391 0.49030 0.41881 0.28090
392 0.43667 0.37569 0.24883
393 0.23446 0.20315 0.13288
394 0.25931 0.22626 0.14618
395 0.43683 0.38380 0.24494
396 0.44845 0.39669 0.25010
397 0.18230 0.16235 0.10113
398 0.51027 0.45745 0.28155
399 0.61324 0.55337 0.33655
400 0.60079 0.54565 0.32796
401 0.59882 0.54734 0.32515
402 0.63214 0.58145 0.34142
403 0.59127 0.54724 0.31765
404 0.63535 0.59166 0.33952
405 0.58356 0.54674 0.31019
406 0.57787 0.54465 0.30555
407 0.56141 0.53227 0.29528
408 0.60938 0.58113 0.31881
409 0.67193 0.64448 0.34969
410 0.56188 0.54200 0.29088
411 0.66062 0.64084 0.34020
412 0.68019 0.66349 0.34844
413 0.64181 0.62950 0.32707
414 0.63233 0.62356 0.32055
415 0.67377 0.66798 0.33977
416 0.66791 0.66568 0.33507
417 0.64737 0.64859 0.32308
418 0.63040 0.63485 0.31298
419 0.64640 0.65428 0.31926
420 0.54836 0.55785 0.26944
421 0.68591 0.70125 0.33529
422 0.65402 0.67193 0.31805
423 0.55164 0.56951 0.26689
424 0.60837 0.63109 0.29282
425 0.62812 0.65468 0.30079
426 0.60332 0.63177 0.28743
427 0.57840 0.60848 0.27415
428 0.58701 0.62038 0.27682
429 0.53197 0.56475 0.24959
430 0.42415 0.45230 0.19800
431 0.38356 0.41083 0.17814
432 0.68563 0.73759 0.31684
433 0.61138 0.66056 0.28110
434 0.58223 0.63175 0.26635
435 0.63249 0.68918 0.28790
436 0.69802 0.76377 0.31614
437 0.70676 0.77652 0.31850
438 0.63178 0.69698 0.28330
439 0.60993 0.67558 0.27214
440 0.68343 0.76002 0.30342
441 0.68071 0.75998 0.30072
442 0.71628 0.80281 0.31487
443 0.72125 0.81151 0.31550
444 0.71471 0.80722 0.31110
445 0.75431 0.85517 0.32673
446 0.67072 0.76324 0.28910
447 0.76445 0.87311 0.32790
448 0.77339 0.88655 0.33012
449 0.77849 0.89562 0.33068
450 0.79521 0.91813 0.33615
451 0.85855 0.99476 0.36117
452 0.79758 0.92735 0.33391
453 0.74030 0.86373 0.30844
454 0.78821 0.92277 0.32682
455 0.79324 0.93181 0.32734
456 0.81358 0.95890 0.33413
457 0.81827 0.96763 0.33445
458 0.80337 0.95313 0.32681
459 0.80021 0.95246 0.32398
460 0.79309 0.94702 0.31958
461 0.82178 0.98441 0.32958
462 0.80724 0.97003 0.32223
463 0.80843 0.97448 0.32119
464 0.80959 0.97889 0.32015
465 0.79889 0.96890 0.31444
466 0.82360 1.00188 0.32266
467 0.79284 0.96735 0.30917
468 0.83743 1.02477 0.32504
469 0.83045 1.01921 0.32084
470 0.81945 1.00863 0.31514
471 0.81645 1.00782 0.31254
472 0.82938 1.02669 0.31603
473 0.81837 1.01592 0.31042
474 0.82732 1.02988 0.31238
475 0.86028 1.07387 0.32335
476 0.83657 1.04712 0.31301
477 0.82883 1.04024 0.30871
478 0.86513 1.08871 0.32078
479 0.82533 1.04137 0.30464
480 0.83760 1.05964 0.30779
481 0.83041 1.05327 0.30378
482 0.84728 1.07744 0.30857
483 0.84810 1.08123 0.30749
484 0.81271 1.03872 0.29335
485 0.81752 1.04748 0.29378
486 0.66527 0.85452 0.23801
487 0.74679 0.96159 0.26600
488 0.80829 1.04331 0.28664
489 0.75259 0.97375 0.26571
490 0.85473 1.10854 0.30046
491 0.79869 1.03831 0.27953
492 0.76690 0.99932 0.26724
493 0.82440 1.07673 0.28603
494 0.79662 1.04284 0.27520
495 0.85422 1.12079 0.29382
496 0.82992 1.09137 0.28424
497 0.80561 1.06177 0.27473
498 0.78533 1.03733 0.26666
499 0.78132 1.03430 0.26417
500 0.77730 1.03122 0.26169
501 0.76082 1.01152 0.25506
502 0.75642 1.00782 0.25251
503 0.80093 1.06938 0.26624
504 0.74367 0.99502 0.24616
505 0.80032 1.07304 0.26380
506 0.85818 1.15298 0.28169
507 0.79807 1.07442 0.26086
508 0.76216 1.02815 0.24809
509 0.82422 1.11410 0.26717
510 0.79654 1.07882 0.25713
511 0.79716 1.08179 0.25626
512 0.83855 1.14019 0.26846
513 0.76538 1.04271 0.24403
514 0.74946 1.02298 0.23797
515 0.76231 1.04251 0.24106
516 0.80350 1.10091 0.25305
517 0.59057 0.81068 0.18523
518 0.73031 1.00435 0.22813
519 0.69366 0.95570 0.21580
520 0.76361 1.05400 0.23661
521 0.76341 1.05563 0.23559
522 0.79192 1.09702 0.24341
523 0.73838 1.02466 0.22604
524 0.79968 1.11169 0.24383
525 0.79125 1.10189 0.24030
526 0.75376 1.05151 0.22801
527 0.65913 0.92107 0.19859
528 0.78951 1.10515 0.23693
529 0.80931 1.13478 0.24192
530 0.76373 1.07267 0.22740
531 0.83329 1.17231 0.24713
532 0.79256 1.11685 0.23413
533 0.69869 0.98618 0.20560
534 0.75587 1.06863 0.22156
535 0.77231 1.09363 0.22550
536 0.81776 1.15983 0.23784
537 0.76109 1.08117 0.22051
538 0.79430 1.13011 0.22924
539 0.79067 1.12670 0.22732
540 0.77473 1.10569 0.22188
541 0.70909 1.01357 0.20231
542 0.79114 1.13256 0.22486
543 0.75828 1.08717 0.21470
544 0.79920 1.14755 0.22543
545 0.78683 1.13146 0.22110
546 0.76651 1.10387 0.21458
547 0.79935 1.15284 0.22293
548 0.74212 1.07185 0.20619
549 0.77905 1.12682 0.21564
550 0.76280 1.10490 0.21035
551 0.75873 1.10055 0.20845
552 0.79156 1.14979 0.21666
553 0.75877 1.10370 0.20692
554 0.78749 1.14707 0.21396
555 0.78750 1.14866 0.21317
556 0.76700 1.12028 0.20686
557 0.74251 1.08598 0.19952
558 0.77123 1.12950 0.20648
559 0.73015 1.07077 0.19477
560 0.73431 1.07829 0.19517
561 0.80687 1.18639 0.21367
562 0.74013 1.08969 0.19529
563 0.77168 1.13760 0.20288
564 0.76195 1.12470 0.19960
565 0.76778 1.13476 0.20040
566 0.70467 1.04280 0.18327
567 0.75487 1.11849 0.19563
568 0.75181 1.11534 0.19414
569 0.74086 1.10045 0.19063
570 0.74336 1.10553 0.19059
571 0.71117 1.05894 0.18169
572 0.75910 1.13168 0.19326
573 0.76388 1.14018 0.19379
574 0.76106 1.13733 0.19239
575 0.74621 1.11646 0.18798
576 0.73198 1.09645 0.18375
577 0.76674 1.14987 0.19181
578 0.74490 1.11841 0.18569
579 0.73892 1.11071 0.18356
580 0.76522 1.15156 0.18944
581 0.75031 1.13040 0.18511
582 0.76361 1.15174 0.18774
583 0.76813 1.15985 0.18820
584 0.76323 1.15374 0.18636
585 0.75600 1.14407 0.18397
586 0.71753 1.08704 0.17401
587 0.73785 1.11905 0.17833
588 0.72863 1.10626 0.17550
589 0.64630 0.98231 0.15514
590 0.67268 1.02350 0.16093
591 0.70451 1.07307 0.16798
592 0.69220 1.05541 0.16449
593 0.69381 1.05899 0.16432
594 0.70356 1.07497 0.16607
595 0.69749 1.06680 0.16409
596 0.70891 1.08538 0.16622
597 0.71710 1.09903 0.16758
598 0.70648 1.08385 0.16455
599 0.71232 1.09390 0.16537
600 0.71438 1.09816 0.16530
601 0.71613 1.10195 0.16516
602 0.71312 1.09840 0.16393
603 0.72110 1.11177 0.16522
604 0.74464 1.14917 0.17005
605 0.74271 1.14730 0.16906
606 0.73607 1.13814 0.16700
607 0.73324 1.13483 0.16582
608 0.73020 1.13120 0.16460
609 0.72288 1.12091 0.16242
610 0.71549 1.11048 0.16025
611 0.72483 1.12602 0.16182
612 0.71750 1.11566 0.15967
613 0.70597 1.09873 0.15660
614 0.68185 1.06216 0.15077
615 0.71631 1.11685 0.15788
616 0.67955 1.06048 0.14930
617 0.68469 1.06946 0.14996
618 0.71928 1.12449 0.15704
619 0.71185 1.11384 0.15492
620 0.72548 1.13616 0.15739
621 0.73914 1.15857 0.15986
622 0.69774 1.09463 0.15043
623 0.70684 1.10985 0.15192
624 0.70716 1.11130 0.15151
625 0.68593 1.07886 0.14651
626 0.67939 1.06947 0.14466
627 0.69565 1.09598 0.14766
628 0.69693 1.09891 0.14748
629 0.70542 1.11321 0.14881
630 0.68428 1.08074 0.14391
631 0.70856 1.12000 0.14856
632 0.66558 1.05292 0.13912
633 0.71053 1.12493 0.14806
634 0.69153 1.09573 0.14367
635 0.70564 1.11897 0.14615
636 0.67731 1.07489 0.13986
637 0.70025 1.11218 0.14416
638 0.71442 1.13558 0.14663
639 0.70713 1.12486 0.14470
640 0.68677 1.09332 0.14011
641 0.69594 1.10877 0.14156
642 0.68715 1.09560 0.13935
643 0.69394 1.10726 0.14031
644 0.68605 1.09550 0.13830
645 0.68514 1.09487 0.13770
646 0.65872 1.05344 0.13200
647 0.66675 1.06706 0.13322
648 0.66739 1.06888 0.13295
649 0.67559 1.08280 0.13419
650 0.61966 0.99389 0.12272
651 0.67238 1.07922 0.13277
652 0.66638 1.07037 0.13120
653 0.67819 1.09012 0.13313
654 0.67182 1.08064 0.13150
655 0.65626 1.05637 0.12808
656 0.55653 0.89646 0.10830
657 0.59783 0.96366 0.11600
658 0.66522 1.07303 0.12870
659 0.66906 1.07996 0.12907
660 0.67746 1.09428 0.13032
661 0.68527 1.10765 0.13144
662 0.69667 1.12685 0.13325
663 0.68994 1.11672 0.13158
664 0.67836 1.09871 0.12901
665 0.68392 1.10846 0.12969
666 0.68942 1.11812 0.13037
667 0.67712 1.09889 0.12768
668 0.68241 1.10820 0.12831
669 0.69214 1.12473 0.12977
670 0.68404 1.11229 0.12789
671 0.67582 1.09963 0.12600
672 0.67642 1.10133 0.12576
673 0.68143 1.11018 0.12634
674 0.68208 1.11195 0.12610
675 0.67367 1.09894 0.12420
676 0.68307 1.11497 0.12559
677 0.67007 1.09443 0.12285
678 0.68377 1.11751 0.12502
679 0.67512 1.10405 0.12310
680 0.66621 1.09015 0.12114
681 0.67052 1.09786 0.12158
682 0.66585 1.09088 0.12041
683 0.67029 1.09883 0.12088
684 0.66137 1.08486 0.11894
685 0.66608 1.09323 0.11946
686 0.63141 1.03695 0.11294
687 0.57885 0.95119 0.10326
688 0.56510 0.92915 0.10053
689 0.59629 0.98099 0.10579
690 0.59048 0.97201 0.10448
691 0.60309 0.99334 0.10642
692 0.60057 0.98975 0.10569
693 0.60514 0.99786 0.10621
694 0.60757 1.00244 0.10635
695 0.59393 0.98049 0.10368
696 0.59813 0.98799 0.10414
697 0.59984 0.99137 0.10416
698 0.58770 0.97185 0.10178
699 0.60292 0.99756 0.10414
700 0.59445 0.98410 0.10241
701 0.58230 0.96450 0.10005
702 0.57926 0.96000 0.09926
703 0.58680 0.97302 0.10029
704 0.59530 0.98766 0.10148
705 0.60256 1.00024 0.10244
706 0.59674 0.99110 0.10119
707 0.59063 0.98148 0.09989
708 0.60994 1.01410 0.10289
709 0.59120 0.98346 0.09947
710 0.60644 1.00934 0.10177
711 0.60410 1.00598 0.10111
712 0.59595 0.99292 0.09949
713 0.58735 0.97909 0.09780
714 0.58999 0.98399 0.09799
715 0.55356 0.92372 0.09170
716 0.54420 0.90855 0.08992
717 0.50915 0.85048 0.08392
718 0.49198 0.82220 0.08088
719 0.47553 0.79511 0.07797
720 0.47660 0.79729 0.07795
721 0.48232 0.80727 0.07869
722 0.49399 0.82721 0.08039
723 0.49735 0.83324 0.08073
724 0.49952 0.83729 0.08088
725 0.49450 0.82927 0.07986
726 0.48754 0.81800 0.07854
727 0.49248 0.82669 0.07914
728 0.48696 0.81782 0.07805
729 0.47544 0.79885 0.07602
730 0.49835 0.83773 0.07948
731 0.50165 0.84369 0.07981
732 0.52239 0.87898 0.08290
733 0.52739 0.88781 0.08349
734 0.55035 0.92690 0.08691
735 0.55484 0.93488 0.08740
736 0.54841 0.92448 0.08617
737 0.56219 0.94814 0.08812
738 0.56771 0.95789 0.08877
739 0.55181 0.93148 0.08607
740 0.56262 0.95016 0.08754
741 0.56471 0.95412 0.08765
742 0.56112 0.94848 0.08688
743 0.58343 0.98663 0.09011
744 0.59158 1.00086 0.09115
745 0.58060 0.98271 0.08924
746 0.58703 0.99404 0.09001
747 0.59761 1.01239 0.09141
748 0.58938 0.99890 0.08994
749 0.59004 1.00045 0.08982
750 0.58130 0.98605 0.08828
751 0.58170 0.98715 0.08813
752 0.59134 1.00394 0.08937
753 0.58245 0.98927 0.08782
754 0.59201 1.00593 0.08905
755 0.59229 1.00683 0.08888
756 0.57860 0.98398 0.08662
757 0.58323 0.99225 0.08710
758 0.57906 0.98558 0.08627
759 0.44237 0.75323 0.06575
760 0.28101 0.47869 0.04167
761 0.23830 0.40610 0.03525
762 0.29896 0.50967 0.04412
763 0.34168 0.58274 0.05031
764 0.34774 0.59332 0.05108
765 0.41143 0.70227 0.06030
766 0.43737 0.74685 0.06395
767 0.48360 0.82611 0.07054
768 0.53685 0.91745 0.07813
769 0.55231 0.94425 0.08019
770 0.55411 0.94769 0.08027
771 0.55854 0.95563 0.08072
772 0.56040 0.95920 0.08080
773 0.55641 0.95274 0.08004
774 0.56609 0.96970 0.08125
775 0.54318 0.93080 0.07778
776 0.56660 0.97131 0.08095
777 0.56201 0.96380 0.08011
778 0.55738 0.95623 0.07926
779 0.56201 0.96455 0.07974
780 0.55273 0.94896 0.07825
781 0.55270 0.94928 0.07806
782 0.55714 0.95726 0.07851
783 0.54708 0.94032 0.07692
784 0.54558 0.93809 0.07654
785 0.54755 0.94183 0.07664
786 0.53455 0.91980 0.07465
787 0.53895 0.92771 0.07509
788 0.52520 0.90437 0.07301
789 0.52553 0.90526 0.07290
790 0.51874 0.89390 0.07179
791 0.51413 0.88627 0.07100
792 0.50605 0.87265 0.06972
793 0.50724 0.87501 0.06973
794 0.50425 0.87016 0.06917
795 0.50014 0.86337 0.06845
796 0.51251 0.88504 0.06999
797 0.51138 0.88339 0.06968
798 0.51043 0.88207 0.06940
799 0.50887 0.87968 0.06903
800 0.49428 0.85476 0.06691
801 0.50282 0.86981 0.06791
802 0.50334 0.87101 0.06783
803 0.49570 0.85809 0.06666
804 0.50247 0.87009 0.06742
805 0.49189 0.85207 0.06586
806 0.50746 0.87934 0.06779
807 0.50381 0.87330 0.06716
808 0.50279 0.87183 0.06688
809 0.49089 0.85148 0.06515
810 0.48138 0.83526 0.06375
811 0.48310 0.83852 0.06384
812 0.47390 0.82282 0.06249
813 0.46309 0.80431 0.06093
814 0.45149 0.78442 0.05928
815 0.43656 0.75874 0.05720
816 0.42806 0.74420 0.05596
817 0.42472 0.73863 0.05541
818 0.42568 0.74054 0.05541
819 0.41244 0.71774 0.05357
820 0.40882 0.71166 0.05299
821 0.42592 0.74165 0.05509
822 0.41670 0.72583 0.05378
823 0.43040 0.74994 0.05543
824 0.43913 0.76539 0.05644
825 0.43916 0.76568 0.05632
826 0.44539 0.77678 0.05700
827 0.44330 0.77338 0.05662
828 0.44881 0.78322 0.05720
829 0.44455 0.77603 0.05654
830 0.44102 0.77010 0.05597
831 0.43505 0.75991 0.05510
832 0.44686 0.78078 0.05647
833 0.43416 0.75881 0.05475
834 0.44677 0.78109 0.05623
835 0.45048 0.78780 0.05658
836 0.45768 0.80063 0.05736
837 0.45571 0.79742 0.05700
838 0.45780 0.80132 0.05714
839 0.44661 0.78196 0.05563
840 0.46201 0.80917 0.05743
841 0.46448 0.81374 0.05761
842 0.46291 0.81122 0.05730
843 0.46160 0.80916 0.05702
844 0.45997 0.80653 0.05670
845 0.46697 0.81905 0.05745
846 0.47353 0.83079 0.05814
847 0.45751 0.80290 0.05606
848 0.46997 0.82501 0.05746
849 0.47414 0.83256 0.05786
850 0.40784 0.71635 0.04967
851 0.46960 0.82506 0.05707
852 0.45023 0.79125 0.05461
853 0.45548 0.80070 0.05513
854 0.36732 0.64590 0.04437
855 0.40500 0.71236 0.04882
856 0.46033 0.80989 0.05538
857 0.47122 0.82929 0.05658
858 0.46273 0.81456 0.05545
859 0.46341 0.81599 0.05542
860 0.45958 0.80946 0.05485
861 0.46018 0.81075 0.05481
862 0.45918 0.80920 0.05458
863 0.46794 0.82486 0.05551
864 0.46718 0.82374 0.05531
865 0.45884 0.80924 0.05422
866 0.38488 0.67898 0.04539
867 0.40993 0.72337 0.04825
868 0.44441 0.78442 0.05220
869 0.43831 0.77385 0.05138
870 0.45625 0.80573 0.05338
871 0.45578 0.80512 0.05322
872 0.45388 0.80198 0.05289
873 0.45573 0.80544 0.05301
874 0.44572 0.78796 0.05174
875 0.44132 0.78039 0.05113
876 0.44487 0.78686 0.05144
877 0.45350 0.80234 0.05234
878 0.44557 0.78850 0.05132
879 0.44655 0.79043 0.05133
880 0.44378 0.78574 0.05092
881 0.42038 0.74448 0.04814
882 0.44336 0.78538 0.05067
883 0.43260 0.76651 0.04935
884 0.43588 0.77251 0.04962
885 0.44006 0.78012 0.05000
886 0.42604 0.75545 0.04832
887 0.42100 0.74670 0.04765
888 0.43296 0.76810 0.04891
889 0.43443 0.77089 0.04898
890 0.43078 0.76461 0.04848
891 0.42436 0.75339 0.04767
892 0.41658 0.73975 0.04670
893 0.39275 0.69761 0.04395
894 0.39285 0.69795 0.04388
895 0.35989 0.63954 0.04012
896 0.35641 0.63351 0.03965
897 0.33126 0.58895 0.03679
898 0.31690 0.56356 0.03513
899 0.30579 0.54392 0.03383
900 0.29298 0.52126 0.03235
901 0.28802 0.51256 0.03174
902 0.28869 0.51386 0.03176
903 0.31240 0.55620 0.03430
904 0.32455 0.57796 0.03557
905 0.32728 0.58295 0.03580
906 0.31584 0.56270 0.03448
907 0.31442 0.56030 0.03427
908 0.29770 0.53063 0.03238
909 0.28427 0.50681 0.03086
910 0.28175 0.50243 0.03053
911 0.27817 0.49617 0.03009
912 0.27781 0.49563 0.03000
913 0.28389 0.50658 0.03059
914 0.28282 0.50479 0.03042
915 0.28117 0.50196 0.03019
916 0.28969 0.51728 0.03105
917 0.29282 0.52299 0.03133
918 0.30121 0.53809 0.03216
919 0.31547 0.56370 0.03363
920 0.32057 0.57293 0.03411
921 0.31867 0.56966 0.03384
922 0.31796 0.56851 0.03370
923 0.30373 0.54319 0.03214
924 0.31173 0.55761 0.03292
925 0.30851 0.55197 0.03252
926 0.28744 0.51439 0.03025
927 0.28274 0.50607 0.02970
928 0.26417 0.47294 0.02770
929 0.23686 0.42414 0.02479
930 0.20768 0.37196 0.02170
931 0.17780 0.31852 0.01854
932 0.14857 0.26622 0.01547
933 0.12516 0.22431 0.01300
934 0.10613 0.19025 0.01101
935 0.09735 0.17454 0.01008
936 0.10021 0.17971 0.01036
937 0.11535 0.20689 0.01190
938 0.13217 0.23712 0.01361
939 0.15179 0.27237 0.01560
940 0.16459 0.29541 0.01689
941 0.16525 0.29665 0.01693
942 0.15601 0.28012 0.01595
943 0.15675 0.28150 0.01600
944 0.14458 0.25970 0.01473
945 0.14116 0.25360 0.01436
946 0.14277 0.25655 0.01449
947 0.14623 0.26283 0.01482
948 0.15361 0.27614 0.01554
949 0.15973 0.28720 0.01613
950 0.16374 0.29446 0.01651
951 0.16731 0.30094 0.01684
952 0.17016 0.30613 0.01709
953 0.17202 0.30954 0.01725
954 0.17540 0.31568 0.01756
955 0.16922 0.30463 0.01691
956 0.18683 0.33639 0.01864
957 0.19402 0.34940 0.01932
958 0.20295 0.36556 0.02017
959 0.20873 0.37603 0.02071
960 0.21063 0.37953 0.02086
961 0.21219 0.38241 0.02098
962 0.21689 0.39096 0.02141
963 0.22089 0.39825 0.02177
964 0.22632 0.40812 0.02226
965 0.23974 0.43240 0.02354
966 0.24470 0.44142 0.02399
967 0.26589 0.47974 0.02602
968 0.27618 0.49840 0.02698
969 0.28910 0.52180 0.02820
970 0.29714 0.53642 0.02893
971 0.29707 0.53640 0.02887
972 0.29766 0.53755 0.02888
973 0.29088 0.52541 0.02818
974 0.28252 0.51040 0.02732
975 0.28165 0.50893 0.02719
976 0.28592 0.51673 0.02755
977 0.28237 0.51041 0.02717
978 0.29426 0.53200 0.02826
979 0.29178 0.52760 0.02798
980 0.30245 0.54701 0.02895
981 0.31091 0.56241 0.02971
982 0.31599 0.57169 0.03014
983 0.32154 0.58183 0.03062
984 0.32578 0.58961 0.03097
985 0.33189 0.60078 0.03150
986 0.33409 0.60487 0.03166
987 0.34261 0.62040 0.03241
988 0.34139 0.61831 0.03224
989 0.33937 0.61475 0.03199
990 0.34366 0.62262 0.03234
991 0.34780 0.63024 0.03268
992 0.34581 0.62675 0.03244
993 0.34699 0.62899 0.03250
994 0.34992 0.63442 0.03272
995 0.34781 0.63070 0.03246
996 0.34809 0.63131 0.03244
997 0.34842 0.63201 0.03241
998 0.34638 0.62842 0.03217
999 0.34449 0.62509 0.03194
1000 0.34066 0.61825 0.03153
1001 0.34197 0.62074 0.03160
1002 0.34073 0.61858 0.03144
1003 0.33629 0.61062 0.03098
1004 0.33346 0.60559 0.03066
1005 0.31104 0.56496 0.02856
1006 0.32733 0.59465 0.03000
1007 0.33287 0.60481 0.03046
1008 0.33363 0.60630 0.03048
1009 0.33142 0.60239 0.03023
1010 0.33317 0.60566 0.03034
1011 0.33185 0.60336 0.03017
1012 0.33308 0.60569 0.03023
1013 0.33207 0.60395 0.03009
1014 0.33508 0.60953 0.03031
1015 0.32969 0.59982 0.02978
1016 0.33234 0.60474 0.02997
1017 0.32872 0.59826 0.02960
1018 0.33337 0.60682 0.02997
1019 0.32562 0.59281 0.02922
1020 0.32431 0.59052 0.02906
1021 0.32723 0.59592 0.02927
1022 0.32221 0.58687 0.02878
1023 0.32799 0.59749 0.02924
1024 0.32658 0.59502 0.02907
1025 0.32645 0.59487 0.02901
1026 0.32739 0.59668 0.02905
1027 0.32612 0.59446 0.02889
1028 0.32735 0.59679 0.02895
1029 0.32299 0.58894 0.02852
1030 0.32709 0.59651 0.02884
1031 0.32644 0.59541 0.02874
1032 0.32620 0.59505 0.02867
1033 0.32061 0.58495 0.02813
1034 0.32437 0.59191 0.02842
1035 0.32134 0.58646 0.02811
1036 0.32583 0.59475 0.02846
1037 0.31884 0.58207 0.02780
1038 0.32229 0.58846 0.02806
1039 0.32380 0.59130 0.02815
1040 0.31989 0.58426 0.02776
1041 0.32182 0.58787 0.02789
1042 0.32280 0.58975 0.02793
1043 0.31711 0.57944 0.02739
1044 0.32044 0.58561 0.02764
1045 0.31896 0.58298 0.02746
1046 0.30984 0.56641 0.02664
1047 0.31555 0.57692 0.02709
1048 0.31893 0.58319 0.02733
1049 0.31707 0.57988 0.02713
1050 0.31510 0.57636 0.02692
1051 0.31500 0.57627 0.02687
1052 0.31397 0.57447 0.02674
1053 0.31385 0.57432 0.02669
1054 0.31042 0.56812 0.02636
1055 0.31313 0.57317 0.02655
1056 0.31165 0.57055 0.02638
1057 0.31090 0.56925 0.02628
1058 0.30770 0.56347 0.02597
1059 0.29817 0.54609 0.02512
1060 0.30868 0.56543 0.02597
1061 0.29801 0.54596 0.02503
1062 0.30645 0.56150 0.02570
1063 0.30128 0.55209 0.02523
1064 0.30490 0.55881 0.02549
1065 0.30440 0.55798 0.02541
1066 0.29426 0.53945 0.02453
1067 0.30009 0.55023 0.02498
1068 0.29828 0.54698 0.02479
1069 0.27466 0.50374 0.02279
1070 0.28942 0.53088 0.02398
1071 0.28853 0.52932 0.02387
1072 0.28871 0.52973 0.02385
1073 0.27828 0.51065 0.02295
1074 0.28779 0.52818 0.02370
1075 0.27843 0.51107 0.02289
1076 0.28375 0.52091 0.02330
1077 0.28221 0.51815 0.02313
1078 0.28174 0.51736 0.02306
1079 0.26848 0.49307 0.02194
1080 0.27565 0.50631 0.02249
1081 0.26449 0.48587 0.02155
1082 0.26590 0.48853 0.02163
1083 0.25641 0.47116 0.02083
1084 0.26358 0.48440 0.02138
1085 0.25924 0.47649 0.02100
1086 0.26196 0.48155 0.02119
1087 0.24524 0.45087 0.01980
1088 0.26000 0.47808 0.02097
1089 0.25083 0.46127 0.02020
1090 0.25413 0.46740 0.02043
1091 0.25194 0.46343 0.02022
1092 0.24220 0.44557 0.01941
1093 0.23591 0.43406 0.01888
1094 0.21140 0.38901 0.01689
1095 0.22627 0.41642 0.01806
1096 0.22110 0.40696 0.01762
1097 0.21014 0.38685 0.01672
1098 0.19911 0.36659 0.01582
1099 0.19207 0.35367 0.01524
1100 0.18889 0.34786 0.01496
1101 0.18544 0.34155 0.01467
1102 0.17843 0.32868 0.01409
1103 0.18521 0.34120 0.01461
1104 0.18154 0.33448 0.01430
1105 0.17775 0.32754 0.01398
1106 0.17322 0.31924 0.01360
1107 0.17102 0.31523 0.01341
1108 0.17085 0.31494 0.01338
1109 0.17359 0.32004 0.01357
1110 0.17452 0.32180 0.01362
1111 0.16759 0.30906 0.01306
1112 0.15716 0.28985 0.01223
1113 0.14612 0.26953 0.01136
1114 0.13344 0.24616 0.01036
1115 0.11524 0.21262 0.00893
1116 0.09658 0.17821 0.00747
1117 0.07941 0.14654 0.00614
1118 0.06348 0.11716 0.00490
1119 0.04987 0.09206 0.00384
1120 0.04085 0.07541 0.00314
1121 0.03467 0.06401 0.00266
1122 0.03209 0.05925 0.00246
1123 0.03188 0.05888 0.00244
1124 0.03194 0.05900 0.00244
1125 0.03287 0.06071 0.00251
1126 0.03295 0.06087 0.00251
1127 0.03472 0.06415 0.00264
1128 0.03705 0.06846 0.00282
1129 0.04463 0.08249 0.00339
1130 0.05479 0.10127 0.00416
1131 0.06355 0.11747 0.00481
1132 0.05759 0.10647 0.00436
1133 0.04145 0.07664 0.00313
1134 0.03471 0.06419 0.00262
1135 0.03385 0.06260 0.00255
1136 0.03816 0.07058 0.00287
1137 0.05412 0.10011 0.00406
1138 0.07576 0.14015 0.00568
1139 0.09440 0.17466 0.00707
1140 0.09698 0.17945 0.00725
1141 0.09065 0.16776 0.00677
1142 0.08425 0.15593 0.00628
1143 0.07241 0.13403 0.00539
1144 0.06318 0.11697 0.00470
1145 0.05846 0.10823 0.00434
1146 0.05761 0.10668 0.00427
1147 0.06009 0.11128 0.00445
1148 0.06509 0.12055 0.00481
1149 0.07194 0.13325 0.00531
1150 0.07774 0.14402 0.00573
1151 0.08118 0.15041 0.00598
1152 0.08384 0.15536 0.00617
1153 0.08725 0.16169 0.00641
1154 0.09282 0.17203 0.00681
1155 0.10061 0.18648 0.00737
1156 0.10858 0.20127 0.00794
1157 0.12271 0.22750 0.00896
1158 0.13778 0.25546 0.01005
1159 0.14897 0.27624 0.01085
1160 0.15695 0.29107 0.01141
1161 0.16154 0.29962 0.01173
1162 0.17467 0.32401 0.01267
1163 0.18261 0.33878 0.01322
1164 0.18455 0.34241 0.01335
1165 0.19162 0.35556 0.01384
1166 0.18836 0.34955 0.01359
1167 0.19193 0.35621 0.01382
1168 0.19438 0.36079 0.01398
1169 0.18892 0.35070 0.01357
1170 0.19539 0.36276 0.01402
1171 0.19667 0.36517 0.01409
1172 0.19598 0.36393 0.01402
1173 0.19567 0.36338 0.01398
1174 0.19697 0.36584 0.01405
1175 0.19613 0.36432 0.01397
1176 0.19222 0.35710 0.01368
1177 0.19963 0.37089 0.01418
1178 0.19549 0.36323 0.01387
1179 0.19236 0.35747 0.01363
1180 0.19144 0.35579 0.01355
1181 0.18798 0.34940 0.01328
1182 0.18646 0.34661 0.01316
1183 0.17498 0.32530 0.01233
1184 0.18346 0.34109 0.01291
1185 0.18655 0.34687 0.01311
1186 0.18559 0.34513 0.01303
1187 0.18598 0.34589 0.01304
1188 0.18549 0.34502 0.01298
1189 0.17613 0.32764 0.01231
1190 0.18760 0.34902 0.01310
1191 0.19547 0.36369 0.01363
1192 0.19846 0.36928 0.01382
1193 0.20001 0.37221 0.01391
1194 0.19954 0.37137 0.01386
1195 0.19634 0.36544 0.01362
1196 0.19431 0.36171 0.01346
1197 0.19242 0.35822 0.01331
1198 0.18502 0.34448 0.01278
1199 0.17744 0.33039 0.01224
1200 0.18859 0.35120 0.01299
1201 0.19034 0.35449 0.01309
1202 0.19173 0.35712 0.01317
1203 0.18467 0.34400 0.01267
1204 0.19030 0.35451 0.01304
1205 0.19742 0.36782 0.01351
1206 0.19854 0.36994 0.01357
1207 0.20201 0.37645 0.01379
1208 0.19935 0.37152 0.01359
1209 0.18587 0.34643 0.01265
1210 0.19721 0.36761 0.01341
1211 0.18978 0.35379 0.01288
1212 0.19545 0.36440 0.01325
1213 0.19620 0.36582 0.01329
1214 0.19669 0.36679 0.01330
1215 0.19969 0.37240 0.01349
1216 0.20135 0.37554 0.01358
1217 0.20367 0.37990 0.01372
1218 0.20619 0.38464 0.01387
1219 0.20680 0.38580 0.01389
1220 0.20948 0.39085 0.01406
1221 0.20956 0.39104 0.01404
1222 0.20860 0.38927 0.01396
1223 0.20828 0.38872 0.01392
1224 0.21033 0.39258 0.01404
1225 0.20994 0.39189 0.01400
1226 0.21151 0.39485 0.01408
1227 0.20558 0.38382 0.01367
1228 0.21318 0.39805 0.01416
1229 0.21401 0.39963 0.01419
1230 0.21447 0.40054 0.01421
1231 0.21571 0.40287 0.01427
1232 0.21398 0.39969 0.01414
1233 0.21672 0.40483 0.01430
1234 0.21657 0.40460 0.01427
1235 0.21599 0.40356 0.01421
1236 0.21831 0.40792 0.01435
1237 0.21860 0.40850 0.01435
1238 0.21917 0.40960 0.01437
1239 0.21720 0.40596 0.01422
1240 0.21658 0.40483 0.01416
1241 0.21867 0.40877 0.01428
1242 0.21777 0.40714 0.01420
1243 0.21537 0.40268 0.01403
1244 0.21342 0.39907 0.01388
1245 0.21719 0.40616 0.01411
1246 0.21524 0.40255 0.01397
1247 0.21428 0.40079 0.01389
1248 0.21618 0.40438 0.01399
1249 0.21571 0.40352 0.01394
1250 0.21501 0.40226 0.01388
1251 0.21400 0.40041 0.01380
1252 0.21342 0.39935 0.01374
1253 0.21136 0.39553 0.01359
1254 0.21219 0.39711 0.01363
1255 0.21206 0.39690 0.01360
1256 0.21145 0.39579 0.01355
1257 0.20943 0.39206 0.01340
1258 0.21075 0.39457 0.01347
1259 0.20916 0.39162 0.01335
1260 0.20936 0.39203 0.01335
1261 0.20956 0.39243 0.01334
1262 0.20557 0.38499 0.01307
1263 0.20823 0.39001 0.01323
1264 0.20521 0.38439 0.01302
1265 0.20550 0.38497 0.01302
1266 0.20734 0.38844 0.01312
1267 0.20348 0.38123 0.01286
1268 0.20184 0.37820 0.01274
1269 0.20379 0.38189 0.01285
1270 0.20386 0.38205 0.01284
1271 0.20412 0.38256 0.01284
1272 0.20257 0.37969 0.01272
1273 0.20197 0.37861 0.01267
1274 0.20044 0.37576 0.01256
1275 0.20114 0.37710 0.01259
1276 0.20070 0.37632 0.01254
1277 0.19998 0.37500 0.01248
1278 0.19841 0.37209 0.01237
1279 0.19615 0.36788 0.01221
1280 0.19507 0.36588 0.01213
1281 0.18903 0.35458 0.01174
1282 0.16778 0.31474 0.01041
1283 0.18401 0.34522 0.01140
1284 0.19147 0.35924 0.01185
1285 0.19132 0.35899 0.01182
1286 0.18949 0.35559 0.01170
1287 0.18867 0.35408 0.01163
1288 0.18535 0.34787 0.01141
1289 0.18512 0.34746 0.01139
1290 0.17971 0.33734 0.01104
1291 0.18175 0.34119 0.01115
1292 0.18175 0.34123 0.01114
1293 0.18117 0.34017 0.01109
1294 0.17626 0.33098 0.01077
1295 0.17547 0.32951 0.01071
1296 0.17346 0.32577 0.01058
1297 0.16998 0.31926 0.01035
1298 0.16688 0.31345 0.01015
1299 0.16705 0.31381 0.01015
1300 0.16492 0.30982 0.01001
1301 0.16290 0.30606 0.00987
1302 0.15878 0.29834 0.00961
1303 0.15571 0.29260 0.00942
1304 0.15384 0.28910 0.00929
1305 0.15213 0.28591 0.00918
1306 0.14950 0.28098 0.00901
1307 0.14658 0.27552 0.00882
1308 0.14434 0.27133 0.00868
1309 0.14235 0.26761 0.00855
1310 0.13858 0.26054 0.00831
1311 0.13427 0.25246 0.00804
1312 0.12989 0.24423 0.00777
1313 0.12223 0.22985 0.00730
1314 0.12467 0.23447 0.00744
1315 0.11912 0.22405 0.00710
1316 0.11960 0.22496 0.00712
1317 0.11802 0.22200 0.00702
1318 0.11225 0.21116 0.00667
1319 0.10987 0.20671 0.00652
1320 0.10576 0.19898 0.00627
1321 0.10310 0.19399 0.00610
1322 0.10229 0.19248 0.00605
1323 0.10282 0.19349 0.00607
1324 0.10307 0.19399 0.00608
1325 0.09999 0.18820 0.00589
1326 0.09246 0.17404 0.00544
1327 0.08153 0.15348 0.00479
1328 0.07106 0.13378 0.00417
1329 0.05942 0.11187 0.00348
1330 0.05396 0.10159 0.00316
1331 0.05047 0.09504 0.00295
1332 0.04799 0.09037 0.00280
1333 0.04971 0.09362 0.00290
1334 0.05157 0.09714 0.00301
1335 0.05499 0.10357 0.00320
1336 0.05840 0.11001 0.00340
1337 0.06244 0.11763 0.00363
1338 0.06543 0.12328 0.00380
1339 0.06749 0.12716 0.00391
1340 0.06915 0.13029 0.00400
1341 0.07077 0.13336 0.00409
1342 0.06839 0.12888 0.00395
1343 0.06186 0.11659 0.00357
1344 0.05159 0.09723 0.00297
1345 0.04003 0.07545 0.00230
1346 0.02880 0.05429 0.00165
1347 0.02059 0.03882 0.00118
1348 0.01376 0.02594 0.00079
1349 0.00884 0.01666 0.00051
1350 0.00517 0.00976 0.00030
1351 0.00290 0.00546 0.00017
1352 0.00161 0.00304 0.00009
1353 0.00089 0.00167 0.00005
1354 0.00051 0.00096 0.00003
1355 0.00028 0.00052 0.00002
1356 0.00014 0.00026 0.00001
1357 0.00006 0.00011 0.00000
1358 0.00002 0.00004 0.00000
1359 0.00001 0.00002 0.00000
1360 0.00000 0.00001 0.00000
1361 0.00000 0.00000 0.00000
1362 0.00000 0.00000 0.00000
1363 0.00000 0.00000 0.00000
1364 0.00000 0.00000 0.00000
1365 0.00000 0.00000 0.00000
1366 0.00000 0.00000 0.00000
1367 0.00000 0.00000 0.00000
1368 0.00000 0.00001 0.00000
1369 0.00000 0.00001 0.00000
1370 0.00001 0.00001 0.00000
1371 0.00001 0.00002 0.00000
1372 0.00003 0.00006 0.00000
1373 0.00009 0.00018 0.00001
1374 0.00025 0.00047 0.00001
1375 0.00047 0.00088 0.00003
1376 0.00053 0.00101 0.00003
1377 0.00037 0.00070 0.00002
1378 0.00016 0.00031 0.00001
1379 0.00006 0.00011 0.00000
1380 0.00002 0.00004 0.00000
1381 0.00001 0.00002 0.00000
1382 0.00001 0.00001 0.00000
1383 0.00001 0.00001 0.00000
1384 0.00001 0.00001 0.00000
1385 0.00001 0.00003 0.00000
1386 0.00003 0.00006 0.00000
1387 0.00009 0.00017 0.00000
1388 0.00021 0.00039 0.00001
1389 0.00038 0.00072 0.00002
1390 0.00049 0.00094 0.00003
1391 0.00048 0.00091 0.00003
1392 0.00037 0.00070 0.00002
1393 0.00028 0.00053 0.00002
1394 0.00024 0.00045 0.00001
1395 0.00022 0.00042 0.00001
1396 0.00022 0.00041 0.00001
1397 0.00023 0.00044 0.00001
1398 0.00028 0.00053 0.00002
1399 0.00037 0.00070 0.00002
1400 0.00047 0.00089 0.00003
1401 0.00055 0.00104 0.00003
1402 0.00059 0.00112 0.00003
1403 0.00063 0.00118 0.00003
1404 0.00067 0.00127 0.00004
1405 0.00075 0.00142 0.00004
1406 0.00085 0.00161 0.00005
1407 0.00096 0.00182 0.00005
1408 0.00114 0.00217 0.00006
1409 0.00144 0.00272 0.00008
1410 0.00185 0.00351 0.00010
1411 0.00250 0.00473 0.00013
1412 0.00316 0.00598 0.00017
1413 0.00406 0.00768 0.00022
1414 0.00488 0.00923 0.00026
1415 0.00533 0.01010 0.00028
1416 0.00566 0.01072 0.00030
1417 0.00606 0.01147 0.00032
1418 0.00659 0.01248 0.00035
1419 0.00718 0.01361 0.00038
1420 0.00775 0.01469 0.00041
1421 0.00840 0.01592 0.00044
1422 0.00870 0.01648 0.00046
1423 0.00909 0.01723 0.00048
1424 0.00968 0.01834 0.00051
1425 0.01039 0.01969 0.00055
1426 0.01033 0.01958 0.00054
1427 0.01089 0.02064 0.00057
1428 0.01146 0.02171 0.00060
1429 0.01145 0.02170 0.00060
1430 0.01152 0.02183 0.00060
1431 0.01170 0.02217 0.00061
1432 0.01186 0.02249 0.00062
1433 0.01177 0.02232 0.00061
1434 0.01138 0.02158 0.00059
1435 0.01150 0.02181 0.00060
1436 0.01191 0.02259 0.00062
1437 0.01262 0.02393 0.00065
1438 0.01336 0.02534 0.00069
1439 0.01450 0.02750 0.00075
1440 0.01412 0.02678 0.00073
1441 0.01537 0.02915 0.00079
1442 0.01549 0.02938 0.00080
1443 0.01603 0.03040 0.00083
1444 0.01657 0.03144 0.00085
1445 0.01684 0.03194 0.00087
1446 0.01720 0.03264 0.00088
1447 0.01710 0.03244 0.00088
1448 0.01725 0.03273 0.00088
1449 0.01757 0.03334 0.00090
1450 0.01816 0.03446 0.00093
1451 0.01906 0.03618 0.00097
1452 0.02020 0.03834 0.00103
1453 0.02251 0.04272 0.00115
1454 0.02545 0.04832 0.00130
1455 0.02881 0.05469 0.00147
1456 0.03269 0.06206 0.00166
1457 0.03621 0.06875 0.00184
1458 0.03826 0.07264 0.00194
1459 0.03852 0.07313 0.00195
1460 0.03656 0.06941 0.00185
1461 0.03460 0.06570 0.00175
1462 0.03197 0.06071 0.00161
1463 0.02904 0.05515 0.00147
1464 0.02660 0.05051 0.00134
1465 0.02459 0.04671 0.00124
1466 0.02159 0.04100 0.00109
1467 0.01996 0.03792 0.00100
1468 0.01810 0.03439 0.00091
1469 0.01776 0.03375 0.00089
1470 0.01798 0.03415 0.00090
1471 0.01868 0.03549 0.00093
1472 0.02040 0.03877 0.00102
1473 0.02271 0.04314 0.00113
1474 0.02492 0.04735 0.00124
1475 0.02910 0.05529 0.00145
1476 0.03173 0.06030 0.00158
1477 0.03334 0.06336 0.00166
1478 0.03335 0.06339 0.00166
1479 0.03362 0.06391 0.00167
1480 0.03368 0.06403 0.00167
1481 0.03320 0.06311 0.00164
1482 0.03387 0.06439 0.00168
1483 0.03389 0.06443 0.00167
1484 0.03573 0.06793 0.00176
1485 0.03859 0.07337 0.00190
1486 0.04050 0.07701 0.00199
1487 0.04332 0.08238 0.00213
1488 0.04095 0.07787 0.00201
1489 0.05091 0.09682 0.00250
1490 0.05608 0.10666 0.00275
1491 0.06256 0.11900 0.00307
1492 0.06672 0.12690 0.00327
1493 0.07301 0.13888 0.00357
1494 0.07671 0.14593 0.00375
1495 0.07935 0.15096 0.00387
1496 0.08007 0.15233 0.00390
1497 0.08529 0.16227 0.00415
1498 0.08952 0.17033 0.00435
1499 0.09131 0.17374 0.00444
1500 0.09554 0.18180 0.00464
1501 0.09771 0.18594 0.00474
1502 0.09859 0.18764 0.00478
1503 0.08962 0.17056 0.00434
1504 0.09417 0.17924 0.00455
1505 0.09452 0.17991 0.00456
1506 0.09661 0.18390 0.00466
1507 0.10279 0.19567 0.00495
1508 0.10309 0.19625 0.00496
1509 0.10571 0.20125 0.00508
1510 0.10954 0.20855 0.00526
1511 0.11143 0.21217 0.00535
1512 0.11069 0.21076 0.00531
1513 0.11125 0.21185 0.00533
1514 0.11050 0.21044 0.00529
1515 0.11382 0.21677 0.00544
1516 0.11369 0.21652 0.00543
1517 0.11409 0.21730 0.00544
1518 0.11750 0.22380 0.00560
1519 0.11735 0.22352 0.00559
1520 0.11966 0.22795 0.00569
1521 0.11863 0.22599 0.00564
1522 0.11915 0.22698 0.00565
1523 0.12331 0.23493 0.00585
1524 0.12336 0.23504 0.00584
1525 0.12138 0.23128 0.00574
1526 0.12536 0.23886 0.00592
1527 0.12443 0.23710 0.00587
1528 0.12576 0.23966 0.00593
1529 0.12595 0.24004 0.00593
1530 0.11871 0.22624 0.00559
1531 0.12766 0.24330 0.00600
1532 0.12764 0.24328 0.00600
1533 0.12802 0.24402 0.00601
1534 0.12691 0.24192 0.00595
1535 0.12756 0.24318 0.00597
1536 0.12995 0.24773 0.00608
1537 0.13037 0.24855 0.00609
1538 0.12697 0.24209 0.00593
1539 0.13006 0.24799 0.00607
1540 0.12562 0.23953 0.00585
1541 0.12818 0.24442 0.00597
1542 0.12934 0.24665 0.00602
1543 0.12906 0.24613 0.00600
1544 0.13064 0.24916 0.00606
1545 0.13082 0.24950 0.00607
1546 0.13051 0.24892 0.00605
1547 0.12925 0.24653 0.00598
1548 0.12561 0.23961 0.00581
1549 0.12907 0.24622 0.00596
1550 0.12823 0.24463 0.00592
1551 0.12785 0.24391 0.00589
1552 0.12983 0.24770 0.00598
1553 0.12941 0.24692 0.00595
1554 0.12471 0.23795 0.00573
1555 0.12667 0.24172 0.00582
1556 0.12436 0.23731 0.00570
1557 0.12821 0.24467 0.00587
1558 0.12727 0.24289 0.00583
1559 0.12724 0.24285 0.00582
1560 0.12527 0.23910 0.00572
1561 0.12804 0.24439 0.00584
1562 0.12795 0.24424 0.00583
1563 0.12598 0.24049 0.00574
1564 0.12403 0.23678 0.00564
1565 0.12640 0.24130 0.00575
1566 0.12357 0.23591 0.00561
1567 0.12458 0.23786 0.00565
1568 0.12324 0.23531 0.00559
1569 0.12477 0.23824 0.00565
1570 0.12250 0.23392 0.00554
1571 0.12596 0.24053 0.00569
1572 0.12606 0.24074 0.00569
1573 0.12424 0.23726 0.00560
1574 0.12382 0.23648 0.00558
1575 0.11477 0.21921 0.00517
1576 0.12340 0.23569 0.00555
1577 0.11143 0.21286 0.00501
1578 0.12193 0.23292 0.00547
1579 0.12189 0.23285 0.00547
1580 0.12375 0.23641 0.00554
1581 0.12321 0.23540 0.00551
1582 0.11981 0.22890 0.00536
1583 0.12070 0.23062 0.00539
1584 0.11922 0.22780 0.00532
1585 0.12203 0.23318 0.00544
1586 0.12054 0.23034 0.00537
1587 0.11904 0.22749 0.00530
1588 0.11705 0.22370 0.00520
1589 0.10697 0.20443 0.00475
1590 0.11493 0.21966 0.00510
1591 0.11243 0.21489 0.00498
1592 0.11801 0.22557 0.00522
1593 0.12075 0.23083 0.00534
1594 0.11975 0.22891 0.00529
1595 0.12067 0.23069 0.00533
1596 0.11313 0.21627 0.00499
1597 0.11793 0.22546 0.00520
1598 0.12088 0.23112 0.00532
1599 0.11724 0.22417 0.00516
1600 0.11981 0.22909 0.00526
1601 0.11525 0.22038 0.00506
1602 0.11830 0.22623 0.00519
1603 0.11752 0.22474 0.00515
1604 0.11908 0.22774 0.00521
1605 0.11724 0.22423 0.00513
1606 0.11679 0.22337 0.00510
1607 0.11727 0.22430 0.00512
1608 0.11869 0.22703 0.00517
1609 0.11817 0.22605 0.00515
1610 0.11047 0.21133 0.00481
1611 0.11378 0.21766 0.00495
1612 0.11421 0.21850 0.00496
1613 0.11656 0.22300 0.00506
1614 0.11512 0.22026 0.00499
1615 0.11705 0.22396 0.00507
1616 0.10943 0.20939 0.00473
1617 0.11234 0.21496 0.00486
1618 0.11622 0.22240 0.00502
1619 0.11581 0.22162 0.00500
1620 0.11253 0.21536 0.00485
1621 0.11117 0.21276 0.00479
1622 0.11364 0.21750 0.00489
1623 0.11611 0.22225 0.00499
1624 0.11714 0.22423 0.00503
1625 0.11385 0.21794 0.00488
1626 0.11536 0.22084 0.00494
1627 0.11526 0.22064 0.00493
1628 0.11609 0.22225 0.00497
1629 0.11598 0.22205 0.00496
1630 0.11255 0.21549 0.00481
1631 0.11435 0.21895 0.00488
1632 0.11426 0.21878 0.00487
1633 0.11274 0.21588 0.00480
1634 0.11029 0.21119 0.00469
1635 0.11308 0.21655 0.00481
1636 0.11256 0.21556 0.00478
1637 0.10776 0.20639 0.00457
1638 0.10680 0.20454 0.00453
1639 0.10580 0.20265 0.00448
1640 0.10670 0.20438 0.00451
1641 0.10615 0.20332 0.00449
1642 0.10556 0.20220 0.00446
1643 0.10829 0.20745 0.00457
1644 0.10627 0.20358 0.00448
1645 0.10661 0.20425 0.00449
1646 0.10790 0.20673 0.00454
1647 0.10871 0.20829 0.00457
1648 0.10810 0.20712 0.00454
1649 0.10559 0.20233 0.00443
1650 0.10782 0.20660 0.00452
1651 0.10537 0.20192 0.00441
1652 0.10717 0.20537 0.00448
1653 0.10615 0.20343 0.00444
1654 0.10704 0.20515 0.00447
1655 0.10512 0.20147 0.00438
1656 0.10695 0.20499 0.00446
1657 0.10597 0.20311 0.00441
1658 0.10642 0.20399 0.00443
1659 0.10456 0.20043 0.00434
1660 0.10599 0.20318 0.00440
1661 0.10650 0.20417 0.00442
1662 0.10563 0.20250 0.00438
1663 0.10524 0.20176 0.00436
1664 0.10485 0.20102 0.00434
1665 0.10400 0.19940 0.00430
1666 0.10363 0.19871 0.00428
1667 0.10421 0.19983 0.00430
1668 0.10291 0.19733 0.00424
1669 0.10296 0.19745 0.00424
1670 0.10488 0.20113 0.00431
1671 0.10441 0.20024 0.00429
1672 0.09918 0.19022 0.00407
1673 0.10198 0.19559 0.00418
1674 0.10242 0.19644 0.00420
1675 0.10146 0.19461 0.00415
1676 0.10005 0.19192 0.00409
1677 0.10055 0.19287 0.00411
1678 0.10105 0.19384 0.00413
1679 0.09967 0.19121 0.00407
1680 0.09642 0.18498 0.00393
1681 0.09316 0.17873 0.00379
1682 0.09555 0.18332 0.00389
1683 0.09787 0.18779 0.00398
1684 0.09967 0.19124 0.00405
1685 0.10000 0.19189 0.00406
1686 0.09837 0.18877 0.00399
1687 0.09910 0.19017 0.00401
1688 0.09889 0.18979 0.00400
1689 0.09731 0.18675 0.00393
1690 0.09761 0.18734 0.00394
1691 0.09838 0.18882 0.00397
1692 0.09868 0.18940 0.00398
1693 0.09806 0.18823 0.00395
1694 0.09793 0.18798 0.00394
1695 0.09782 0.18778 0.00393
1696 0.09729 0.18676 0.00391
1697 0.09632 0.18490 0.00387
1698 0.09719 0.18658 0.00390
1699 0.09618 0.18465 0.00385
1700 0.09513 0.18264 0.00381
1701 0.09494 0.18229 0.00380
1702 0.09429 0.18104 0.00377
1703 0.09223 0.17709 0.00368
1704 0.09386 0.18024 0.00374
1705 0.09415 0.18079 0.00375
1706 0.09308 0.17875 0.00371
1707 0.09290 0.17841 0.00369
1708 0.09000 0.17284 0.00358
1709 0.09165 0.17602 0.00364
1710 0.09242 0.17751 0.00367
1711 0.08510 0.16346 0.00337
1712 0.09143 0.17561 0.00362
1713 0.09189 0.17652 0.00364
1714 0.09192 0.17658 0.00363
1715 0.09188 0.17650 0.00363
1716 0.09123 0.17525 0.00360
1717 0.09005 0.17300 0.00355
1718 0.08922 0.17141 0.00351
1719 0.08963 0.17220 0.00353
1720 0.08740 0.16792 0.00344
1721 0.08614 0.16552 0.00338
1722 0.08761 0.16835 0.00344
1723 0.08339 0.16023 0.00327
1724 0.08442 0.16223 0.00331
1725 0.08511 0.16355 0.00333
1726 0.08537 0.16406 0.00334
1727 0.08476 0.16289 0.00331
1728 0.08285 0.15924 0.00323
1729 0.08444 0.16229 0.00329
1730 0.08434 0.16211 0.00329
1731 0.08313 0.15979 0.00324
1732 0.08230 0.15820 0.00320
1733 0.07673 0.14750 0.00298
1734 0.07756 0.14910 0.00301
1735 0.07834 0.15060 0.00304
1736 0.07402 0.14231 0.00287
1737 0.07274 0.13985 0.00282
1738 0.07604 0.14620 0.00294
1739 0.07643 0.14696 0.00295
1740 0.07680 0.14767 0.00297
1741 0.07475 0.14373 0.00288
1742 0.07639 0.14688 0.00295
1743 0.07528 0.14476 0.00290
1744 0.07624 0.14660 0.00293
1745 0.07366 0.14166 0.00283
1746 0.07433 0.14294 0.00286
1747 0.07220 0.13885 0.00277
1748 0.07485 0.14397 0.00287
1749 0.07391 0.14216 0.00283
1750 0.07375 0.14185 0.00282
1751 0.07235 0.13917 0.00277
1752 0.07301 0.14043 0.00279
1753 0.07330 0.14100 0.00280
1754 0.07323 0.14087 0.00279
1755 0.07226 0.13902 0.00275
1756 0.07280 0.14006 0.00277
1757 0.07239 0.13928 0.00275
1758 0.07111 0.13681 0.00270
1759 0.07053 0.13571 0.00268
1760 0.06963 0.13397 0.00264
1761 0.06801 0.13085 0.00258
1762 0.06569 0.12641 0.00249
1763 0.06610 0.12719 0.00250
1764 0.06503 0.12515 0.00246
1765 0.06536 0.12579 0.00247
1766 0.06433 0.12379 0.00243
1767 0.06367 0.12253 0.00240
1768 0.06193 0.11920 0.00233
1769 0.06173 0.11880 0.00232
1770 0.05972 0.11495 0.00225
1771 0.05894 0.11345 0.00222
1772 0.05808 0.11179 0.00218
1773 0.05684 0.10941 0.00213
1774 0.05534 0.10653 0.00208
1775 0.05328 0.10258 0.00200
1776 0.05157 0.09928 0.00193
1777 0.04959 0.09547 0.00185
1778 0.04796 0.09234 0.00179
1779 0.04693 0.09035 0.00175
1780 0.04611 0.08878 0.00172
1781 0.04546 0.08753 0.00169
1782 0.04412 0.08495 0.00164
1783 0.04362 0.08400 0.00162
1784 0.04322 0.08323 0.00161
1785 0.04246 0.08176 0.00158
1786 0.04205 0.08098 0.00156
1787 0.04157 0.08006 0.00154
1788 0.04007 0.07716 0.00148
1789 0.03847 0.07409 0.00142
1790 0.03660 0.07049 0.00135
1791 0.03502 0.06746 0.00129
1792 0.03277 0.06311 0.00121
1793 0.03053 0.05882 0.00113
1794 0.02790 0.05375 0.00103
1795 0.02547 0.04906 0.00094
1796 0.02271 0.04374 0.00084
1797 0.01994 0.03841 0.00073
1798 0.01785 0.03439 0.00066
1799 0.01611 0.03104 0.00059
1800 0.01448 0.02789 0.00053
1801 0.01287 0.02480 0.00047
1802 0.01163 0.02241 0.00043
1803 0.01061 0.02044 0.00039
1804 0.00979 0.01887 0.00036
1805 0.00885 0.01705 0.00032
1806 0.00783 0.01508 0.00029
1807 0.00695 0.01340 0.00025
1808 0.00623 0.01200 0.00023
1809 0.00559 0.01078 0.00020
1810 0.00494 0.00952 0.00018
1811 0.00426 0.00820 0.00015
1812 0.00364 0.00702 0.00013
1813 0.00312 0.00601 0.00011
1814 0.00262 0.00506 0.00010
1815 0.00218 0.00420 0.00008
1816 0.00182 0.00350 0.00007
1817 0.00151 0.00292 0.00005
1818 0.00126 0.00243 0.00005
1819 0.00119 0.00229 0.00004
1820 0.00107 0.00205 0.00004
1821 0.00090 0.00174 0.00003
1822 0.00074 0.00142 0.00003
1823 0.00058 0.00113 0.00002
1824 0.00045 0.00088 0.00002
1825 0.00033 0.00063 0.00001
1826 0.00023 0.00044 0.00001
1827 0.00015 0.00030 0.00001
1828 0.00010 0.00020 0.00000
1829 0.00006 0.00012 0.00000
1830 0.00004 0.00007 0.00000
1831 0.00002 0.00004 0.00000
1832 0.00001 0.00002 0.00000
1833 0.00001 0.00001 0.00000
1834 0.00000 0.00001 0.00000
1835 0.00000 0.00000 0.00000
1836 0.00000 0.00000 0.00000
1837 0.00000 0.00000 0.00000
1838 0.00000 0.00000 0.00000
1839 0.00000 0.00000 0.00000
1840 0.00000 0.00000 0.00000
1841 0.00000 0.00000 0.00000
1842 0.00000 0.00000 0.00000
1843 0.00000 0.00000 0.00000
1844 0.00000 0.00000 0.00000
1845 0.00000 0.00000 0.00000
1846 0.00000 0.00000 0.00000
1847 0.00000 0.00001 0.00000
1848 0.00000 0.00001 0.00000
1849 0.00000 0.00001 0.00000
1850 0.00000 0.00001 0.00000
1851 0.00000 0.00000 0.00000
1852 0.00000 0.00000 0.00000
1853 0.00000 0.00000 0.00000
1854 0.00000 0.00000 0.00000
1855 0.00000 0.00001 0.00000
1856 0.00000 0.00001 0.00000
1857 0.00000 0.00001 0.00000
1858 0.00001 0.00001 0.00000
1859 0.00001 0.00001 0.00000
1860 0.00001 0.00002 0.00000
1861 0.00001 0.00002 0.00000
1862 0.00001 0.00002 0.00000
1863 0.00001 0.00002 0.00000
1864 0.00001 0.00002 0.00000
1865 0.00001 0.00001 0.00000
1866 0.00000 0.00001 0.00000
1867 0.00000 0.00000 0.00000
1868 0.00000 0.00000 0.00000
1869 0.00000 0.00000 0.00000
1870 0.00000 0.00000 0.00000
1871 0.00000 0.00000 0.00000
1872 0.00000 0.00000 0.00000
1873 0.00000 0.00000 0.00000
1874 0.00000 0.00000 0.00000
1875 0.00000 0.00000 0.00000
1876 0.00000 0.00000 0.00000
1877 0.00000 0.00000 0.00000
1878 0.00000 0.00000 0.00000
1879 0.00000 0.00001 0.00000
1880 0.00001 0.00002 0.00000
1881 0.00002 0.00004 0.00000
1882 0.00004 0.00008 0.00000
1883 0.00007 0.00013 0.00000
1884 0.00009 0.00018 0.00000
1885 0.00012 0.00022 0.00000
1886 0.00012 0.00023 0.00000
1887 0.00013 0.00025 0.00000
1888 0.00013 0.00024 0.00000
1889 0.00012 0.00023 0.00000
1890 0.00011 0.00020 0.00000
1891 0.00010 0.00019 0.00000
1892 0.00008 0.00015 0.00000
1893 0.00006 0.00012 0.00000
1894 0.00005 0.00009 0.00000
1895 0.00003 0.00006 0.00000
1896 0.00002 0.00004 0.00000
1897 0.00002 0.00003 0.00000
1898 0.00001 0.00002 0.00000
1899 0.00001 0.00002 0.00000
1900 0.00001 0.00001 0.00000
1901 0.00001 0.00001 0.00000
1902 0.00001 0.00001 0.00000
1903 0.00001 0.00001 0.00000
1904 0.00001 0.00001 0.00000
1905 0.00001 0.00001 0.00000
1906 0.00001 0.00001 0.00000
1907 0.00001 0.00001 0.00000
1908 0.00001 0.00002 0.00000
1909 0.00001 0.00002 0.00000
1910 0.00002 0.00003 0.00000
1911 0.00002 0.00004 0.00000
1912 0.00003 0.00005 0.00000
1913 0.00004 0.00007 0.00000
1914 0.00005 0.00009 0.00000
1915 0.00006 0.00012 0.00000
1916 0.00008 0.00015 0.00000
1917 0.00010 0.00019 0.00000
1918 0.00013 0.00025 0.00000
1919 0.00017 0.00032 0.00001
1920 0.00020 0.00040 0.00001
1921 0.00027 0.00052 0.00001
1922 0.00034 0.00065 0.00001
1923 0.00041 0.00080 0.00001
1924 0.00049 0.00094 0.00002
1925 0.00055 0.00107 0.00002
1926 0.00063 0.00122 0.00002
1927 0.00070 0.00136 0.00002
1928 0.00078 0.00150 0.00003
1929 0.00084 0.00162 0.00003
1930 0.00096 0.00185 0.00003
1931 0.00102 0.00198 0.00003
1932 0.00116 0.00224 0.00004
1933 0.00125 0.00242 0.00004
1934 0.00144 0.00279 0.00005
1935 0.00160 0.00310 0.00005
1936 0.00185 0.00357 0.00006
1937 0.00209 0.00404 0.00007
1938 0.00237 0.00459 0.00008
1939 0.00254 0.00491 0.00008
1940 0.00289 0.00560 0.00009
1941 0.00329 0.00636 0.00011
1942 0.00365 0.00707 0.00012
1943 0.00396 0.00766 0.00013
1944 0.00419 0.00811 0.00014
1945 0.00445 0.00861 0.00014
1946 0.00530 0.01025 0.00017
1947 0.00634 0.01226 0.00021
1948 0.00720 0.01393 0.00023
1949 0.00806 0.01559 0.00026
1950 0.00869 0.01682 0.00028
1951 0.00918 0.01777 0.00030
1952 0.01019 0.01972 0.00033
1953 0.01116 0.02160 0.00036
1954 0.01181 0.02285 0.00038
1955 0.01249 0.02418 0.00040
1956 0.01304 0.02523 0.00042
1957 0.01373 0.02657 0.00044
1958 0.01455 0.02816 0.00047
1959 0.01521 0.02944 0.00049
1960 0.01595 0.03087 0.00051
1961 0.01689 0.03269 0.00054
1962 0.01764 0.03415 0.00057
1963 0.01850 0.03580 0.00059
1964 0.01983 0.03839 0.00064
1965 0.02187 0.04233 0.00070
1966 0.02304 0.04460 0.00074
1967 0.02543 0.04924 0.00081
1968 0.02724 0.05273 0.00087
1969 0.02875 0.05566 0.00092
1970 0.03061 0.05926 0.00098
1971 0.03167 0.06132 0.00101
1972 0.03244 0.06280 0.00104
1973 0.03181 0.06160 0.00101
1974 0.03317 0.06423 0.00106
1975 0.03417 0.06617 0.00109
1976 0.03458 0.06695 0.00110
1977 0.03462 0.06704 0.00110
1978 0.03320 0.06430 0.00105
1979 0.03556 0.06887 0.00113
1980 0.03474 0.06728 0.00110
1981 0.03544 0.06863 0.00112
1982 0.03617 0.07005 0.00115
1983 0.03657 0.07083 0.00116
1984 0.03667 0.07103 0.00116
1985 0.03706 0.07177 0.00117
1986 0.03682 0.07131 0.00116
1987 0.03719 0.07204 0.00117
1988 0.03855 0.07466 0.00122
1989 0.03924 0.07600 0.00124
1990 0.03965 0.07681 0.00125
1991 0.04040 0.07825 0.00127
1992 0.04084 0.07911 0.00128
1993 0.04058 0.07862 0.00127
1994 0.04178 0.08094 0.00131
1995 0.04336 0.08401 0.00136
1996 0.04430 0.08582 0.00139
1997 0.04454 0.08630 0.00139
1998 0.04486 0.08692 0.00140
1999 0.04719 0.09143 0.00148
2000 0.04851 0.09399 0.00152
2001 0.04990 0.09669 0.00156
2002 0.05167 0.10012 0.00161
2003 0.05049 0.09782 0.00157
2004 0.05063 0.09810 0.00158
2005 0.05165 0.10009 0.00161
2006 0.05046 0.09778 0.00157
2007 0.05193 0.10062 0.00161
2008 0.05205 0.10087 0.00162
2009 0.05170 0.10019 0.00160
2010 0.05180 0.10038 0.00161
2011 0.05187 0.10053 0.00161
2012 0.05195 0.10069 0.00161
2013 0.05197 0.10072 0.00161
2014 0.05108 0.09900 0.00158
2015 0.05149 0.09981 0.00159
2016 0.05145 0.09973 0.00159
2017 0.05092 0.09870 0.00157
2018 0.05128 0.09940 0.00158
2019 0.05074 0.09836 0.00156
2020 0.05021 0.09733 0.00154
2021 0.04837 0.09376 0.00149
2022 0.05012 0.09715 0.00154
2023 0.05010 0.09712 0.00154
2024 0.05009 0.09711 0.00154
2025 0.04966 0.09627 0.00152
2026 0.05013 0.09719 0.00154
2027 0.04973 0.09642 0.00152
2028 0.04979 0.09653 0.00152
2029 0.04895 0.09492 0.00150
2030 0.04857 0.09417 0.00148
2031 0.04865 0.09433 0.00148
2032 0.04964 0.09625 0.00151
2033 0.04971 0.09638 0.00151
2034 0.04975 0.09647 0.00151
2035 0.04796 0.09300 0.00146
2036 0.04928 0.09557 0.00150
2037 0.04970 0.09638 0.00151
2038 0.04695 0.09104 0.00143
2039 0.04870 0.09444 0.00148
2040 0.04910 0.09522 0.00149
2041 0.04905 0.09513 0.00149
2042 0.04857 0.09420 0.00147
2043 0.04855 0.09416 0.00147
2044 0.04858 0.09422 0.00147
2045 0.04861 0.09429 0.00147
2046 0.04869 0.09443 0.00147
2047 0.04832 0.09372 0.00146
2048 0.04844 0.09395 0.00146
2049 0.04901 0.09508 0.00148
2050 0.04871 0.09450 0.00147
2051 0.04843 0.09394 0.00146
2052 0.04859 0.09427 0.00146
2053 0.04831 0.09373 0.00145
2054 0.04848 0.09405 0.00145
2055 0.04911 0.09528 0.00147
2056 0.04928 0.09561 0.00148
2057 0.04944 0.09591 0.00148
2058 0.04911 0.09528 0.00147
2059 0.04921 0.09549 0.00147
2060 0.04836 0.09384 0.00144
2061 0.04498 0.08727 0.00134
2062 0.04492 0.08716 0.00134
2063 0.04388 0.08515 0.00131
2064 0.04025 0.07809 0.00120
2065 0.04180 0.08110 0.00124
2066 0.04109 0.07973 0.00122
2067 0.04041 0.07842 0.00120
2068 0.03940 0.07646 0.00117
2069 0.03924 0.07615 0.00116
2070 0.03724 0.07228 0.00110
2071 0.03796 0.07367 0.00112
2072 0.03725 0.07230 0.00110
2073 0.03733 0.07246 0.00110
2074 0.03712 0.07205 0.00110
2075 0.03708 0.07197 0.00110
2076 0.03706 0.07193 0.00109
2077 0.03741 0.07260 0.00110
2078 0.03772 0.07321 0.00111
2079 0.03729 0.07239 0.00110
2080 0.03793 0.07363 0.00112
2081 0.03783 0.07343 0.00111
2082 0.03844 0.07461 0.00113
2083 0.03797 0.07372 0.00112
2084 0.03819 0.07413 0.00112
2085 0.03860 0.07494 0.00113
2086 0.03873 0.07519 0.00113
2087 0.03883 0.07539 0.00114
2088 0.03892 0.07556 0.00114
2089 0.03897 0.07566 0.00114
2090 0.03891 0.07554 0.00114
2091 0.03862 0.07499 0.00113
2092 0.03720 0.07224 0.00109
2093 0.03841 0.07457 0.00112
2094 0.03887 0.07547 0.00113
2095 0.03762 0.07305 0.00110
2096 0.03887 0.07548 0.00113
2097 0.03890 0.07554 0.00113
2098 0.03914 0.07601 0.00114
2099 0.03942 0.07656 0.00114
2100 0.03989 0.07746 0.00116
2101 0.03999 0.07767 0.00116
2102 0.04062 0.07889 0.00118
2103 0.04035 0.07837 0.00117
2104 0.04108 0.07979 0.00119
2105 0.04131 0.08023 0.00119
2106 0.04152 0.08064 0.00120
2107 0.04159 0.08077 0.00120
2108 0.04166 0.08092 0.00120
2109 0.04159 0.08078 0.00120
2110 0.04078 0.07921 0.00117
2111 0.04188 0.08135 0.00121
2112 0.04186 0.08131 0.00120
2113 0.04181 0.08122 0.00120
2114 0.04207 0.08173 0.00121
2115 0.04209 0.08177 0.00121
2116 0.04194 0.08147 0.00120
2117 0.04096 0.07958 0.00117
2118 0.04197 0.08154 0.00120
2119 0.04220 0.08199 0.00121
2120 0.04121 0.08006 0.00118
2121 0.04195 0.08150 0.00120
2122 0.04156 0.08074 0.00119
2123 0.04162 0.08086 0.00119
2124 0.04075 0.07917 0.00116
2125 0.04161 0.08084 0.00119
2126 0.04150 0.08065 0.00118
2127 0.04072 0.07911 0.00116
2128 0.04125 0.08016 0.00117
2129 0.04106 0.07979 0.00117
2130 0.04069 0.07908 0.00116
2131 0.04078 0.07925 0.00116
2132 0.04062 0.07893 0.00115
2133 0.04037 0.07846 0.00114
2134 0.04013 0.07799 0.00114
2135 0.04004 0.07782 0.00113
2136 0.03850 0.07481 0.00109
2137 0.03976 0.07727 0.00112
2138 0.03984 0.07742 0.00112
2139 0.03970 0.07716 0.00112
2140 0.03980 0.07736 0.00112
2141 0.03994 0.07763 0.00113
2142 0.03990 0.07756 0.00112
2143 0.03977 0.07730 0.00112
2144 0.03993 0.07762 0.00112
2145 0.03959 0.07696 0.00111
2146 0.03934 0.07646 0.00110
2147 0.03979 0.07734 0.00112
2148 0.03988 0.07753 0.00112
2149 0.03980 0.07737 0.00111
2150 0.03981 0.07739 0.00111
2151 0.03978 0.07733 0.00111
2152 0.03974 0.07725 0.00111
2153 0.03941 0.07662 0.00110
2154 0.03940 0.07660 0.00110
2155 0.03930 0.07641 0.00110
2156 0.03924 0.07630 0.00109
2157 0.03906 0.07595 0.00109
2158 0.03899 0.07582 0.00109
2159 0.03883 0.07550 0.00108
2160 0.03867 0.07518 0.00107
2161 0.03868 0.07522 0.00107
2162 0.03826 0.07440 0.00106
2163 0.03829 0.07445 0.00106
2164 0.03783 0.07357 0.00105
2165 0.03657 0.07111 0.00101
2166 0.03289 0.06395 0.00091
2167 0.03596 0.06993 0.00099
2168 0.03714 0.07223 0.00103
2169 0.03814 0.07418 0.00105
2170 0.03801 0.07392 0.00105
2171 0.03836 0.07461 0.00106
2172 0.03820 0.07429 0.00105
2173 0.03827 0.07444 0.00105
2174 0.03808 0.07406 0.00105
2175 0.03806 0.07402 0.00105
2176 0.03769 0.07330 0.00104
2177 0.03733 0.07260 0.00103
2178 0.03749 0.07292 0.00103
2179 0.03604 0.07010 0.00099
2180 0.03744 0.07283 0.00103
2181 0.03727 0.07250 0.00102
2182 0.03700 0.07198 0.00101
2183 0.03604 0.07010 0.00099
2184 0.03683 0.07164 0.00101
2185 0.03690 0.07178 0.00101
2186 0.03679 0.07157 0.00100
2187 0.03674 0.07147 0.00100
2188 0.03581 0.06967 0.00098
2189 0.03556 0.06918 0.00097
2190 0.03600 0.07004 0.00098
2191 0.03654 0.07110 0.00099
2192 0.03650 0.07102 0.00099
2193 0.03650 0.07102 0.00099
2194 0.03647 0.07097 0.00099
2195 0.03640 0.07083 0.00099
2196 0.03651 0.07104 0.00099
2197 0.03640 0.07083 0.00099
2198 0.03656 0.07114 0.00099
2199 0.03654 0.07110 0.00099
2200 0.03647 0.07097 0.00099
2201 0.03645 0.07094 0.00098
2202 0.03648 0.07099 0.00098
2203 0.03656 0.07115 0.00099
2204 0.03665 0.07133 0.00099
2205 0.03666 0.07134 0.00099
2206 0.03534 0.06878 0.00095
2207 0.03501 0.06813 0.00094
2208 0.03647 0.07098 0.00098
2209 0.03583 0.06974 0.00096
2210 0.03696 0.07194 0.00099
2211 0.03704 0.07209 0.00099
2212 0.03702 0.07205 0.00099
2213 0.03713 0.07227 0.00099
2214 0.03710 0.07222 0.00099
2215 0.03720 0.07241 0.00100
2216 0.03697 0.07196 0.00099
2217 0.03654 0.07113 0.00098
2218 0.03713 0.07228 0.00099
2219 0.03730 0.07261 0.00100
2220 0.03733 0.07266 0.00100
2221 0.03730 0.07261 0.00099
2222 0.03723 0.07248 0.00099
2223 0.03730 0.07261 0.00099
2224 0.03727 0.07256 0.00099
2225 0.03725 0.07252 0.00099
2226 0.03665 0.07136 0.00097
2227 0.03681 0.07167 0.00098
2228 0.03697 0.07198 0.00098
2229 0.03737 0.07275 0.00099
2230 0.03715 0.07232 0.00098
2231 0.03725 0.07252 0.00099
2232 0.03731 0.07264 0.00099
2233 0.03735 0.07272 0.00099
2234 0.03734 0.07270 0.00099
2235 0.03728 0.07258 0.00098
2236 0.03715 0.07235 0.00098
2237 0.03718 0.07239 0.00098
2238 0.03690 0.07185 0.00097
2239 0.03609 0.07029 0.00095
2240 0.03663 0.07132 0.00096
2241 0.03701 0.07208 0.00097
2242 0.03692 0.07190 0.00097
2243 0.03640 0.07088 0.00096
2244 0.03664 0.07135 0.00096
2245 0.03674 0.07155 0.00096
2246 0.03670 0.07147 0.00096
2247 0.03665 0.07139 0.00096
2248 0.03575 0.06963 0.00094
2249 0.03647 0.07104 0.00095
2250 0.03634 0.07078 0.00095
2251 0.03629 0.07069 0.00095
2252 0.03635 0.07080 0.00095
2253 0.03606 0.07024 0.00094
2254 0.03515 0.06847 0.00092
2255 0.03606 0.07024 0.00094
2256 0.03581 0.06976 0.00093
2257 0.03580 0.06974 0.00093
2258 0.03588 0.06990 0.00093
2259 0.03592 0.06997 0.00093
2260 0.03576 0.06967 0.00093
2261 0.03556 0.06927 0.00092
2262 0.03559 0.06934 0.00092
2263 0.03429 0.06681 0.00089
2264 0.03558 0.06931 0.00092
2265 0.03538 0.06893 0.00092
2266 0.03495 0.06809 0.00090
2267 0.03528 0.06873 0.00091
2268 0.03528 0.06873 0.00091
2269 0.03523 0.06865 0.00091
2270 0.03509 0.06837 0.00090
2271 0.03476 0.06774 0.00090
2272 0.03510 0.06840 0.00090
2273 0.03511 0.06840 0.00090
2274 0.03501 0.06822 0.00090
2275 0.03449 0.06721 0.00089
2276 0.03487 0.06794 0.00090
2277 0.03486 0.06793 0.00089
2278 0.03480 0.06782 0.00089
2279 0.03467 0.06757 0.00089
2280 0.03450 0.06724 0.00088
2281 0.03289 0.06410 0.00084
2282 0.03388 0.06603 0.00087
2283 0.03393 0.06612 0.00087
2284 0.03386 0.06599 0.00086
2285 0.03371 0.06569 0.00086
2286 0.03379 0.06585 0.00086
2287 0.03377 0.06582 0.00086
2288 0.03357 0.06543 0.00086
2289 0.03351 0.06532 0.00085
2290 0.03347 0.06523 0.00085
2291 0.03319 0.06468 0.00084
2292 0.03329 0.06489 0.00085
2293 0.03321 0.06473 0.00084
2294 0.03164 0.06167 0.00080
2295 0.03245 0.06326 0.00082
2296 0.03233 0.06303 0.00082
2297 0.03176 0.06191 0.00080
2298 0.03244 0.06323 0.00082
2299 0.03247 0.06329 0.00082
2300 0.03236 0.06308 0.00082
2301 0.03231 0.06298 0.00082
2302 0.03243 0.06322 0.00082
2303 0.03232 0.06302 0.00082
2304 0.03217 0.06272 0.00081
2305 0.03214 0.06265 0.00081
2306 0.03210 0.06259 0.00081
2307 0.03198 0.06235 0.00080
2308 0.03191 0.06221 0.00080
2309 0.03166 0.06173 0.00080
2310 0.03158 0.06157 0.00079
2311 0.03165 0.06172 0.00079
2312 0.03149 0.06140 0.00079
2313 0.03161 0.06163 0.00079
2314 0.03139 0.06122 0.00079
2315 0.03086 0.06017 0.00077
2316 0.03128 0.06099 0.00078
2317 0.03092 0.06029 0.00077
2318 0.03277 0.06391 0.00082
2319 0.03263 0.06363 0.00081
2320 0.03292 0.06420 0.00082
2321 0.03292 0.06420 0.00082
2322 0.03292 0.06420 0.00082
2323 0.03098 0.06042 0.00077
2324 0.03185 0.06212 0.00079
2325 0.03210 0.06260 0.00080
2326 0.03147 0.06137 0.00078
2327 0.03210 0.06260 0.00080
2328 0.03229 0.06298 0.00080
2329 0.03215 0.06270 0.00080
2330 0.03210 0.06260 0.00080
2331 0.03195 0.06232 0.00079
2332 0.03210 0.06261 0.00079
2333 0.03205 0.06251 0.00079
2334 0.03200 0.06242 0.00079
2335 0.03152 0.06148 0.00078
2336 0.03176 0.06195 0.00078
2337 0.03195 0.06233 0.00079
2338 0.03176 0.06195 0.00078
2339 0.03094 0.06035 0.00076
2340 0.03181 0.06205 0.00078
2341 0.03186 0.06214 0.00078
2342 0.03186 0.06215 0.00078
2343 0.03171 0.06186 0.00078
2344 0.03161 0.06168 0.00078
2345 0.03157 0.06158 0.00077
2346 0.03161 0.06168 0.00078
2347 0.03142 0.06130 0.00077
2348 0.03137 0.06121 0.00077
2349 0.03157 0.06159 0.00077
2350 0.03132 0.06112 0.00077
2351 0.03128 0.06102 0.00076
2352 0.03079 0.06008 0.00075
2353 0.02953 0.05762 0.00072
2354 0.03031 0.05914 0.00074
2355 0.03065 0.05980 0.00075
2356 0.03055 0.05961 0.00074
2357 0.03031 0.05914 0.00074
2358 0.03031 0.05914 0.00074
2359 0.03074 0.05999 0.00075
2360 0.03074 0.05999 0.00075
2361 0.03050 0.05952 0.00074
2362 0.03055 0.05962 0.00074
2363 0.03050 0.05952 0.00074
2364 0.03060 0.05971 0.00074
2365 0.03050 0.05953 0.00074
2366 0.03055 0.05962 0.00074
2367 0.03055 0.05962 0.00074
2368 0.03041 0.05934 0.00074
2369 0.03012 0.05877 0.00073
2370 0.02987 0.05830 0.00072
2371 0.03021 0.05897 0.00073
2372 0.03021 0.05897 0.00073
2373 0.03012 0.05878 0.00073
2374 0.02866 0.05594 0.00069
2375 0.02963 0.05784 0.00071
2376 0.03012 0.05878 0.00072
2377 0.03002 0.05859 0.00072
2378 0.02992 0.05841 0.00072
2379 0.03002 0.05860 0.00072
2380 0.02992 0.05841 0.00072
2381 0.02983 0.05822 0.00072
2382 0.02992 0.05841 0.00072
2383 0.02847 0.05558 0.00068
2384 0.02842 0.05548 0.00068
2385 0.02866 0.05596 0.00069
2386 0.02886 0.05633 0.00069
2387 0.02842 0.05549 0.00068
2388 0.02920 0.05700 0.00070
2389 0.02910 0.05681 0.00069
2390 0.02929 0.05719 0.00070
2391 0.02925 0.05710 0.00070
2392 0.02920 0.05700 0.00070
2393 0.02886 0.05634 0.00069
2394 0.02925 0.05710 0.00070
2395 0.02896 0.05653 0.00069
2396 0.02896 0.05653 0.00069
2397 0.02910 0.05682 0.00069
2398 0.02891 0.05644 0.00069
2399 0.02896 0.05654 0.00069
2400 0.02871 0.05607 0.00068
2401 0.02876 0.05616 0.00068
2402 0.02891 0.05645 0.00068
2403 0.02871 0.05607 0.00068
2404 0.02867 0.05597 0.00068
2405 0.02886 0.05635 0.00068
2406 0.02842 0.05550 0.00067
2407 0.02857 0.05579 0.00067
2408 0.02862 0.05588 0.00067
2409 0.02852 0.05570 0.00067
2410 0.02852 0.05570 0.00067
2411 0.02857 0.05579 0.00067
2412 0.02852 0.05570 0.00067
2413 0.02842 0.05551 0.00067
2414 0.02741 0.05353 0.00064
2415 0.02741 0.05353 0.00064
2416 0.02639 0.05154 0.00062
2417 0.02755 0.05381 0.00065
2418 0.02779 0.05429 0.00065
2419 0.02799 0.05467 0.00066
2420 0.02770 0.05410 0.00065
2421 0.02794 0.05457 0.00065
2422 0.02784 0.05438 0.00065
2423 0.02765 0.05401 0.00065
2424 0.02775 0.05420 0.00065
2425 0.02746 0.05363 0.00064
2426 0.02779 0.05429 0.00065
2427 0.02750 0.05373 0.00064
2428 0.02750 0.05373 0.00064
2429 0.02770 0.05411 0.00064
2430 0.02750 0.05373 0.00064
2431 0.02746 0.05364 0.00064
2432 0.02765 0.05402 0.00064
2433 0.02760 0.05392 0.00064
2434 0.02702 0.05279 0.00063
2435 0.02673 0.05222 0.00062
2436 0.02746 0.05364 0.00064
2437 0.02731 0.05336 0.00063
2438 0.02663 0.05203 0.00062
2439 0.02736 0.05345 0.00063
2440 0.02731 0.05336 0.00063
2441 0.02702 0.05279 0.00062
2442 0.02717 0.05308 0.00063
2443 0.02717 0.05308 0.00063
2444 0.02702 0.05280 0.00062
2445 0.02712 0.05299 0.00062
2446 0.02634 0.05147 0.00061
2447 0.02639 0.05157 0.00061
2448 0.02634 0.05148 0.00061
2449 0.02634 0.05148 0.00061
2450 0.02654 0.05186 0.00061
2451 0.02610 0.05100 0.00060
2452 0.02610 0.05101 0.00060
2453 0.02649 0.05176 0.00061
2454 0.02639 0.05157 0.00060
2455 0.02615 0.05110 0.00060
2456 0.02610 0.05101 0.00060
2457 0.02523 0.04931 0.00058
2458 0.02630 0.05139 0.00060
2459 0.02644 0.05167 0.00060
2460 0.02630 0.05139 0.00060
2461 0.02625 0.05130 0.00060
2462 0.02634 0.05149 0.00060
2463 0.02620 0.05120 0.00060
2464 0.02634 0.05149 0.00060
2465 0.02615 0.05111 0.00060
2466 0.02596 0.05073 0.00059
2467 0.02610 0.05102 0.00059
2468 0.02610 0.05102 0.00059
2469 0.02601 0.05083 0.00059
2470 0.02489 0.04865 0.00056
2471 0.02591 0.05064 0.00059
2472 0.02581 0.05045 0.00059
2473 0.02581 0.05046 0.00058
2474 0.02538 0.04960 0.00057
2475 0.02591 0.05065 0.00059
2476 0.02562 0.05008 0.00058
2477 0.02596 0.05074 0.00059
2478 0.02586 0.05055 0.00058
2479 0.02484 0.04857 0.00056
2480 0.02518 0.04923 0.00057
2481 0.02484 0.04857 0.00056
2482 0.02504 0.04895 0.00056
2483 0.02436 0.04762 0.00055
2484 0.02547 0.04980 0.00057
2485 0.02538 0.04961 0.00057
2486 0.02518 0.04923 0.00057
2487 0.02392 0.04677 0.00054
2488 0.02518 0.04924 0.00057
2489 0.02518 0.04924 0.00057
2490 0.02533 0.04952 0.00057
2491 0.02509 0.04905 0.00056
2492 0.02518 0.04924 0.00056
2493 0.02480 0.04848 0.00055
2494 0.02518 0.04924 0.00056
2495 0.02489 0.04867 0.00056
2496 0.02475 0.04839 0.00055
2497 0.02494 0.04877 0.00056
2498 0.02475 0.04839 0.00055
2499 0.02489 0.04868 0.00056
2500 0.02480 0.04849 0.00055
2501 0.02485 0.04858 0.00055
2502 0.02499 0.04887 0.00056
2503 0.02475 0.04840 0.00055
2504 0.02455 0.04802 0.00055
2505 0.02480 0.04849 0.00055
2506 0.02475 0.04840 0.00055
2507 0.02460 0.04811 0.00055
2508 0.02422 0.04736 0.00054
2509 0.02412 0.04717 0.00053
2510 0.02412 0.04717 0.00053
2511 0.02426 0.04745 0.00054
2512 0.02426 0.04746 0.00054
2513 0.02426 0.04746 0.00054
2514 0.02422 0.04736 0.00054
2515 0.02407 0.04708 0.00053
2516 0.02436 0.04765 0.00054
2517 0.02412 0.04718 0.00053
2518 0.02373 0.04642 0.00052
2519 0.02417 0.04727 0.00053
2520 0.02412 0.04718 0.00053
2521 0.02417 0.04727 0.00053
2522 0.02407 0.04708 0.00053
2523 0.02402 0.04699 0.00053
2524 0.02393 0.04680 0.00053
2525 0.02402 0.04699 0.00053
2526 0.02397 0.04690 0.00053
2527 0.02378 0.04652 0.00052
2528 0.02388 0.04671 0.00052
2529 0.02383 0.04662 0.00052
2530 0.02383 0.04662 0.00052
2531 0.02388 0.04671 0.00052
2532 0.02388 0.04671 0.00052
2533 0.02364 0.04624 0.00052
2534 0.02378 0.04652 0.00052
2535 0.02349 0.04596 0.00051
2536 0.02359 0.04615 0.00051
2537 0.02335 0.04567 0.00051
2538 0.02364 0.04624 0.00051
2539 0.02320 0.04539 0.00051
2540 0.02320 0.04539 0.00050
2541 0.02330 0.04558 0.00051
2542 0.02233 0.04369 0.00049
2543 0.02320 0.04539 0.00050
2544 0.02325 0.04549 0.00050
2545 0.02339 0.04577 0.00051
2546 0.02339 0.04577 0.00051
2547 0.02276 0.04454 0.00049
2548 0.02291 0.04483 0.00050
2549 0.02325 0.04549 0.00050
2550 0.02306 0.04511 0.00050
2551 0.02277 0.04455 0.00049
2552 0.02301 0.04502 0.00050
2553 0.02267 0.04436 0.00049
2554 0.02306 0.04512 0.00050
2555 0.02296 0.04493 0.00050
2556 0.02272 0.04445 0.00049
2557 0.02233 0.04370 0.00048
2558 0.02286 0.04474 0.00049
2559 0.02286 0.04474 0.00049
2560 0.02243 0.04389 0.00048
2561 0.02267 0.04436 0.00049
2562 0.02262 0.04427 0.00049
2563 0.02272 0.04446 0.00049
2564 0.02267 0.04437 0.00049
2565 0.02233 0.04370 0.00048
2566 0.02248 0.04399 0.00048
2567 0.02194 0.04294 0.00047
2568 0.02262 0.04427 0.00048
2569 0.02238 0.04380 0.00048
2570 0.02238 0.04380 0.00048
2571 0.02238 0.04380 0.00048
2572 0.02248 0.04399 0.00048
2573 0.02243 0.04390 0.00048
2574 0.02228 0.04361 0.00048
2575 0.02223 0.04352 0.00047
2576 0.02248 0.04399 0.00048
2577 0.02243 0.04390 0.00048
2578 0.02214 0.04333 0.00047
2579 0.02233 0.04371 0.00047
2580 0.02219 0.04343 0.00047
2581 0.02209 0.04324 0.00047
2582 0.02180 0.04267 0.00046
2583 0.02175 0.04258 0.00046
2584 0.02160 0.04229 0.00046
2585 0.02136 0.04182 0.00045
2586 0.02054 0.04021 0.00043
2587 0.02199 0.04305 0.00047
2588 0.02189 0.04286 0.00046
2589 0.02185 0.04277 0.00046
2590 0.02175 0.04258 0.00046
2591 0.02180 0.04268 0.00046
2592 0.02185 0.04277 0.00046
2593 0.02136 0.04182 0.00045
2594 0.02175 0.04258 0.00046
2595 0.02165 0.04239 0.00046
2596 0.02170 0.04249 0.00046
2597 0.02131 0.04173 0.00045
2598 0.02165 0.04240 0.00046
2599 0.02165 0.04240 0.00046
2600 0.02127 0.04164 0.00045
