Wavelength Global Direct Diffuse
300 0.00924 0.00297 0.00667
301 0.02137 0.00698 0.01532
302 0.02059 0.00684 0.01467
303 0.04604 0.01555 0.03257
304 0.04885 0.01677 0.03433
305 0.07933 0.02767 0.05537
306 0.08015 0.02839 0.05556
307 0.10879 0.03913 0.07491
308 0.13441 0.04907 0.09192
309 0.14060 0.05209 0.09550
310 0.13888 0.05219 0.09368
311 0.25887 0.09867 0.17342
312 0.21073 0.08144 0.14019
313 0.26024 0.10196 0.17194
314 0.26549 0.10542 0.17420
315 0.30136 0.12124 0.19636
316 0.23316 0.09502 0.15087
317 0.33265 0.13730 0.21375
318 0.31715 0.13254 0.20237
319 0.34198 0.14468 0.21669
320 0.34881 0.14935 0.21947
321 0.40123 0.17384 0.25068
322 0.36474 0.15987 0.22629
323 0.31072 0.13776 0.19142
324 0.38593 0.17303 0.23608
325 0.44065 0.19975 0.26766
326 0.59411 0.27225 0.35833
327 0.59694 0.27647 0.35751
328 0.51093 0.23913 0.30384
329 0.58787 0.27799 0.34713
330 0.61628 0.29439 0.36134
331 0.51091 0.24650 0.29744
332 0.55772 0.27172 0.32240
333 0.63217 0.31098 0.36285
334 0.53980 0.26807 0.30765
335 0.57638 0.28891 0.32617
336 0.43377 0.21943 0.24374
337 0.41988 0.21432 0.23427
338 0.51505 0.26525 0.28534
339 0.51911 0.26968 0.28556
340 0.59047 0.30940 0.32252
341 0.50069 0.26458 0.27155
342 0.52751 0.28108 0.28408
343 0.53353 0.28663 0.28530
344 0.48543 0.26290 0.25776
345 0.62356 0.34039 0.32877
346 0.69468 0.38219 0.36370
347 0.66498 0.36867 0.34570
348 0.63002 0.35194 0.32523
349 0.69491 0.39109 0.35621
350 0.71566 0.40574 0.36428
351 0.67845 0.38743 0.34293
352 0.70546 0.40573 0.35409
353 0.64417 0.37308 0.32107
354 0.74717 0.43573 0.36981
355 0.76180 0.44729 0.37443
356 0.72556 0.42888 0.35414
357 0.46515 0.27676 0.22546
358 0.50853 0.30455 0.24478
359 0.51427 0.30997 0.24583
360 0.76494 0.46397 0.36314
361 0.60957 0.37203 0.28738
362 0.67174 0.41249 0.31451
363 0.71865 0.44397 0.33416
364 0.71384 0.44362 0.32965
365 0.67647 0.42287 0.31025
366 0.93227 0.58614 0.42465
367 0.83637 0.52885 0.37837
368 0.79240 0.50387 0.35604
369 0.76135 0.48680 0.33976
370 0.88142 0.56665 0.39068
371 0.70534 0.45590 0.31052
372 0.74649 0.48506 0.32642
373 0.74808 0.48863 0.32491
374 0.58181 0.38199 0.25100
375 0.53449 0.35271 0.22903
376 0.76608 0.50807 0.32608
377 0.78766 0.52497 0.33303
378 1.02335 0.68538 0.42979
379 0.79083 0.53220 0.32993
380 0.74537 0.50399 0.30891
381 0.83430 0.56676 0.34347
382 0.62424 0.42602 0.25530
383 0.43497 0.29820 0.17672
384 0.47909 0.32993 0.19337
385 0.71863 0.49708 0.28815
386 0.56035 0.38929 0.22322
387 0.64304 0.44866 0.25448
388 0.63739 0.44661 0.25061
389 0.72389 0.50936 0.28278
390 0.88253 0.62356 0.34252
391 0.98004 0.69528 0.37791
392 0.87190 0.62106 0.33405
393 0.46765 0.33444 0.17802
394 0.51667 0.37095 0.19542
395 0.86948 0.62667 0.32677
396 0.89167 0.64513 0.33298
397 0.36211 0.26298 0.13436
398 1.01251 0.73807 0.37332
399 1.21560 0.88937 0.44538
400 1.18972 0.87361 0.43316
401 1.18465 0.87301 0.42860
402 1.24933 0.92394 0.44918
403 1.16740 0.86637 0.41710
404 1.25322 0.93328 0.44498
405 1.14996 0.85930 0.40578
406 1.13766 0.85298 0.39896
407 1.10420 0.83065 0.38484
408 1.19741 0.90373 0.41476
409 1.31909 0.99880 0.45411
410 1.10202 0.83711 0.37706
411 1.29455 0.98647 0.44024
412 1.33174 1.01799 0.45013
413 1.25552 0.96270 0.42180
414 1.23590 0.95055 0.41270
415 1.31578 1.01504 0.43673
416 1.30326 1.00837 0.42998
417 1.26215 0.97945 0.41393
418 1.22807 0.95577 0.40035
419 1.25821 0.98205 0.40773
420 1.06653 0.83480 0.34357
421 1.33300 1.04631 0.42687
422 1.27004 0.99965 0.40431
423 1.07041 0.84483 0.33876
424 1.17957 0.93351 0.37112
425 1.21696 0.96568 0.38065
426 1.16797 0.92927 0.36320
427 1.11885 0.89251 0.34591
428 1.13464 0.90745 0.34876
429 1.02745 0.82382 0.31399
430 0.81857 0.65801 0.24872
431 0.73971 0.59610 0.22347
432 1.32132 1.06743 0.39690
433 1.17740 0.95348 0.35166
434 1.12046 0.90957 0.33275
435 1.21634 0.98976 0.35919
436 1.34150 1.09418 0.39391
437 1.35742 1.10975 0.39635
438 1.21264 0.99368 0.35209
439 1.16995 0.96088 0.33780
440 1.31012 1.07844 0.37617
441 1.30408 1.07587 0.37235
442 1.37134 1.13386 0.38939
443 1.38000 1.14351 0.38969
444 1.36662 1.13488 0.38379
445 1.44145 1.19957 0.40259
446 1.28089 1.06821 0.35579
447 1.45896 1.21926 0.40305
448 1.47510 1.23530 0.40530
449 1.48388 1.24520 0.40551
450 1.51482 1.27374 0.41173
451 1.63451 1.37713 0.44187
452 1.51753 1.28111 0.40805
453 1.40772 1.19074 0.37651
454 1.49794 1.26952 0.39850
455 1.50665 1.27935 0.39869
456 1.54468 1.31414 0.40660
457 1.55301 1.32371 0.40664
458 1.52417 1.30156 0.39699
459 1.51760 1.29834 0.39321
460 1.50356 1.28867 0.38754
461 1.55704 1.33692 0.39923
462 1.52858 1.31483 0.38990
463 1.52992 1.31831 0.38823
464 1.53123 1.32175 0.38656
465 1.51011 1.30578 0.37927
466 1.55607 1.34783 0.38881
467 1.49727 1.29910 0.37221
468 1.58072 1.37382 0.39096
469 1.56682 1.36400 0.38556
470 1.54537 1.34755 0.37836
471 1.53897 1.34416 0.37489
472 1.56259 1.36700 0.37874
473 1.54113 1.35039 0.37166
474 1.55725 1.36667 0.37368
475 1.61854 1.42269 0.38645
476 1.57372 1.38545 0.37389
477 1.55898 1.37458 0.36856
478 1.62709 1.43682 0.38277
479 1.55206 1.37264 0.36332
480 1.57497 1.39499 0.36688
481 1.56082 1.38450 0.36181
482 1.59191 1.41415 0.36722
483 1.59283 1.41702 0.36565
484 1.52576 1.35931 0.34857
485 1.53419 1.36877 0.34880
486 1.24787 1.11490 0.28235
487 1.40011 1.25266 0.31528
488 1.51469 1.35705 0.33945
489 1.40963 1.26466 0.31440
490 1.60019 1.43758 0.35521
491 1.49476 1.34468 0.33024
492 1.43479 1.29244 0.31550
493 1.54183 1.39071 0.33744
494 1.48939 1.34517 0.32444
495 1.59655 1.44382 0.34616
496 1.55107 1.40451 0.33474
497 1.50558 1.36505 0.32341
498 1.46765 1.33234 0.31381
499 1.46013 1.32718 0.31076
500 1.45259 1.32197 0.30773
501 1.42197 1.29569 0.29987
502 1.41403 1.29003 0.29683
503 1.49743 1.36777 0.31291
504 1.39066 1.27177 0.28928
505 1.49681 1.37047 0.30995
506 1.60426 1.47057 0.33070
507 1.49120 1.36854 0.30601
508 1.42354 1.30795 0.29082
509 1.53873 1.41541 0.31295
510 1.48638 1.36881 0.30095
511 1.48706 1.37098 0.29976
512 1.56389 1.44342 0.31385
513 1.42708 1.31861 0.28513
514 1.39705 1.29228 0.27790
515 1.42058 1.31548 0.28134
516 1.49719 1.38792 0.29522
517 1.10025 1.02104 0.21600
518 1.36035 1.26376 0.26590
519 1.29188 1.20141 0.25143
520 1.42203 1.32383 0.27556
521 1.42183 1.32501 0.27433
522 1.47512 1.37608 0.28339
523 1.37555 1.28450 0.26313
524 1.48994 1.39273 0.28380
525 1.47442 1.37961 0.27965
526 1.40504 1.31600 0.26536
527 1.22898 1.15222 0.23113
528 1.47258 1.38196 0.27577
529 1.51004 1.41849 0.28160
530 1.42549 1.34035 0.26472
531 1.55523 1.46374 0.28760
532 1.47913 1.39343 0.27239
533 1.30388 1.22948 0.23912
534 1.41062 1.33137 0.25762
535 1.44123 1.36152 0.26212
536 1.52566 1.44259 0.27633
537 1.41949 1.34342 0.25605
538 1.48106 1.40296 0.26606
539 1.47393 1.39745 0.26370
540 1.44387 1.37017 0.25727
541 1.32159 1.25524 0.23453
542 1.47446 1.40165 0.26060
543 1.41328 1.34466 0.24877
544 1.48961 1.41849 0.26115
545 1.46662 1.39779 0.25609
546 1.42861 1.36272 0.24846
547 1.48979 1.42227 0.25806
548 1.38300 1.32142 0.23861
549 1.45181 1.38832 0.24949
550 1.42142 1.36037 0.24330
551 1.41381 1.35419 0.24105
552 1.47498 1.41392 0.25049
553 1.41386 1.35642 0.23917
554 1.46738 1.40889 0.24725
555 1.46740 1.41002 0.24629
556 1.42920 1.37439 0.23894
557 1.38348 1.33145 0.23040
558 1.43698 1.38402 0.23839
559 1.36049 1.31134 0.22483
560 1.36818 1.31976 0.22523
561 1.50437 1.45223 0.24670
562 1.38087 1.33401 0.22558
563 1.44062 1.39276 0.23445
564 1.42359 1.37732 0.23079
565 1.43603 1.39037 0.23193
566 1.31928 1.27827 0.21227
567 1.41469 1.37170 0.22676
568 1.41075 1.36886 0.22528
569 1.39192 1.35155 0.22144
570 1.39751 1.35794 0.22150
571 1.33713 1.30019 0.21114
572 1.42724 1.38878 0.22453
573 1.43578 1.39805 0.22503
574 1.42982 1.39320 0.22327
575 1.40125 1.36629 0.21800
576 1.37331 1.33996 0.21287
577 1.43686 1.40291 0.22190
578 1.39442 1.36238 0.21456
579 1.38185 1.35099 0.21185
580 1.42973 1.39873 0.21840
581 1.40093 1.37144 0.21322
582 1.42496 1.39588 0.21609
583 1.43295 1.40461 0.21652
584 1.42410 1.39683 0.21441
585 1.41219 1.38603 0.21185
586 1.34360 1.31954 0.20084
587 1.38603 1.36207 0.20644
588 1.37385 1.35094 0.20390
589 1.22278 1.20314 0.18084
590 1.27535 1.25563 0.18794
591 1.33747 1.31760 0.19640
592 1.31461 1.29586 0.19236
593 1.31680 1.29880 0.19201
594 1.33420 1.31675 0.19386
595 1.32181 1.30530 0.19139
596 1.34140 1.32542 0.19355
597 1.35451 1.33916 0.19476
598 1.33160 1.31728 0.19080
599 1.33931 1.32567 0.19124
600 1.33982 1.32694 0.19066
601 1.33962 1.32750 0.18997
602 1.33088 1.31958 0.18809
603 1.34335 1.33270 0.18920
604 1.38527 1.37505 0.19443
605 1.38024 1.37083 0.19307
606 1.36679 1.35822 0.19054
607 1.36059 1.35280 0.18903
608 1.35414 1.34712 0.18750
609 1.33980 1.33358 0.18489
610 1.32539 1.31995 0.18228
611 1.34190 1.33710 0.18394
612 1.32754 1.32350 0.18136
613 1.30544 1.30215 0.17774
614 1.26010 1.25759 0.17100
615 1.32301 1.32106 0.17894
616 1.25438 1.25317 0.16910
617 1.26313 1.26257 0.16971
618 1.32617 1.32626 0.17760
619 1.31170 1.31246 0.17508
620 1.33605 1.33749 0.17775
621 1.36042 1.36258 0.18040
622 1.28358 1.28625 0.16965
623 1.29974 1.30309 0.17123
624 1.29996 1.30396 0.17070
625 1.26076 1.26526 0.16502
626 1.25383 1.25891 0.16358
627 1.28385 1.28968 0.16696
628 1.28948 1.29595 0.16715
629 1.30286 1.31003 0.16834
630 1.26173 1.26927 0.16250
631 1.30461 1.31304 0.16749
632 1.22379 1.23227 0.15662
633 1.30483 1.31448 0.16646
634 1.26865 1.27863 0.16133
635 1.29366 1.30443 0.16399
636 1.24079 1.25169 0.15679
637 1.28176 1.29362 0.16146
638 1.30682 1.31950 0.16410
639 1.29262 1.30575 0.16181
640 1.25466 1.26798 0.15656
641 1.27094 1.28500 0.15810
642 1.25482 1.26926 0.15561
643 1.26802 1.28318 0.15676
644 1.25540 1.27096 0.15472
645 1.25640 1.27253 0.15436
646 1.21069 1.22675 0.14829
647 1.22778 1.24460 0.14992
648 1.23076 1.24816 0.14982
649 1.24575 1.26390 0.15118
650 1.14131 1.15842 0.13809
651 1.23667 1.25573 0.14917
652 1.22417 1.24356 0.14721
653 1.24379 1.26402 0.14912
654 1.23080 1.25133 0.14712
655 1.20140 1.22194 0.14317
656 1.01764 1.03546 0.12091
657 1.09132 1.11088 0.12927
658 1.21234 1.23457 0.14317
659 1.21706 1.23987 0.14330
660 1.22993 1.25348 0.14439
661 1.24209 1.26638 0.14538
662 1.26121 1.28638 0.14718
663 1.24780 1.27319 0.14518
664 1.22587 1.25130 0.14221
665 1.23519 1.26131 0.14287
666 1.24442 1.27121 0.14351
667 1.22158 1.24836 0.14047
668 1.23055 1.25801 0.14108
669 1.24751 1.27583 0.14261
670 1.23237 1.26082 0.14047
671 1.21708 1.24565 0.13832
672 1.21773 1.24677 0.13799
673 1.22632 1.25604 0.13857
674 1.22700 1.25719 0.13824
675 1.21149 1.24175 0.13610
676 1.22801 1.25915 0.13756
677 1.20431 1.23529 0.13452
678 1.22866 1.26072 0.13684
679 1.21281 1.24491 0.13469
680 1.19666 1.22877 0.13252
681 1.20438 1.23713 0.13300
682 1.19599 1.22895 0.13169
683 1.20387 1.23747 0.13219
684 1.18774 1.22132 0.13005
685 1.19597 1.23021 0.13058
686 1.13733 1.17029 0.12383
687 1.08065 1.11236 0.11733
688 1.05789 1.08930 0.11453
689 1.10233 1.13545 0.11901
690 1.09255 1.12575 0.11762
691 1.10778 1.14182 0.11893
692 1.10058 1.13478 0.11783
693 1.10898 1.14382 0.11840
694 1.11442 1.14981 0.11865
695 1.09002 1.12501 0.11573
696 1.09766 1.13326 0.11622
697 1.09985 1.13589 0.11614
698 1.07737 1.11304 0.11345
699 1.10587 1.14285 0.11613
700 1.09036 1.12718 0.11419
701 1.06788 1.10429 0.11153
702 1.06167 1.09823 0.11058
703 1.07364 1.11096 0.11153
704 1.08688 1.12501 0.11259
705 1.09847 1.13736 0.11349
706 1.08643 1.12525 0.11194
707 1.07403 1.11274 0.11037
708 1.10788 1.14817 0.11354
709 1.07243 1.11177 0.10961
710 1.09878 1.13943 0.11200
711 1.09346 1.13426 0.11116
712 1.07840 1.11897 0.10934
713 1.06496 1.10536 0.10769
714 1.07491 1.11602 0.10841
715 1.01634 1.05553 0.10223
716 1.01021 1.04947 0.10134
717 0.95714 0.99463 0.09577
718 0.93385 0.97070 0.09319
719 0.90747 0.94356 0.09032
720 0.91080 0.94730 0.09041
721 0.91857 0.95566 0.09095
722 0.93635 0.97444 0.09247
723 0.94086 0.97941 0.09267
724 0.94573 0.98476 0.09291
725 0.93689 0.97582 0.09180
726 0.92542 0.96415 0.09044
727 0.93600 0.97545 0.09124
728 0.92454 0.96377 0.08989
729 0.89901 0.93742 0.08718
730 0.93786 0.97820 0.09072
731 0.93821 0.97883 0.09052
732 0.96994 1.01222 0.09334
733 0.97234 1.01499 0.09333
734 1.00887 1.05341 0.09659
735 1.01254 1.05753 0.09669
736 0.99759 1.04219 0.09502
737 1.01982 1.06570 0.09690
738 1.02692 1.07341 0.09732
739 0.99522 1.04055 0.09408
740 1.01133 1.05767 0.09536
741 1.01173 1.05837 0.09516
742 1.00256 1.04904 0.09406
743 1.04017 1.08868 0.09735
744 1.05282 1.10220 0.09828
745 1.03189 1.08057 0.09609
746 1.04235 1.09180 0.09682
747 1.06037 1.11096 0.09825
748 1.04526 1.09540 0.09661
749 1.04606 1.09652 0.09644
750 1.03028 1.08025 0.09476
751 1.03075 1.08101 0.09456
752 1.04758 1.09894 0.09587
753 1.03162 1.08246 0.09418
754 1.04835 1.10028 0.09547
755 1.04866 1.10089 0.09527
756 1.02429 1.07556 0.09283
757 1.03243 1.08438 0.09334
758 1.02697 1.07890 0.09262
759 0.83928 0.88193 0.07550
760 0.60293 0.63373 0.05411
761 0.53424 0.56165 0.04783
762 0.62683 0.65915 0.05598
763 0.69582 0.73188 0.06200
764 0.70633 0.74311 0.06278
765 0.79905 0.84085 0.07085
766 0.82120 0.86436 0.07264
767 0.88597 0.93275 0.07818
768 0.96496 1.01615 0.08495
769 0.98524 1.03774 0.08653
770 0.98325 1.03589 0.08615
771 0.98899 1.04217 0.08644
772 0.99139 1.04493 0.08645
773 0.98401 1.03739 0.08560
774 1.00091 1.05545 0.08687
775 0.96025 1.01280 0.08314
776 1.00153 1.05657 0.08651
777 0.99337 1.04819 0.08560
778 0.98516 1.03976 0.08470
779 0.99334 1.04863 0.08520
780 0.97690 1.03150 0.08360
781 0.97683 1.03166 0.08339
782 0.98474 1.04023 0.08387
783 0.96729 1.02202 0.08220
784 0.96533 1.02017 0.08184
785 0.97007 1.02540 0.08205
786 0.94885 1.00318 0.08007
787 0.95892 1.01404 0.08073
788 0.93670 0.99076 0.07868
789 0.93929 0.99370 0.07872
790 0.92827 0.98225 0.07761
791 0.92007 0.97378 0.07675
792 0.90519 0.95823 0.07534
793 0.90670 0.96003 0.07529
794 0.90061 0.95377 0.07461
795 0.89306 0.94597 0.07382
796 0.91562 0.97008 0.07551
797 0.91412 0.96868 0.07522
798 0.91287 0.96755 0.07495
799 0.91081 0.96556 0.07461
800 0.88531 0.93872 0.07236
801 0.90072 0.95525 0.07345
802 0.90139 0.95615 0.07334
803 0.88711 0.94119 0.07202
804 0.89805 0.95299 0.07274
805 0.87778 0.93166 0.07094
806 0.90450 0.96021 0.07293
807 0.89756 0.95303 0.07221
808 0.89623 0.95181 0.07195
809 0.87644 0.93096 0.07020
810 0.86192 0.91571 0.06889
811 0.86845 0.92283 0.06925
812 0.85640 0.91020 0.06814
813 0.84216 0.89524 0.06686
814 0.82679 0.87907 0.06550
815 0.80485 0.85591 0.06362
816 0.79343 0.84392 0.06258
817 0.78892 0.83928 0.06209
818 0.79019 0.84079 0.06205
819 0.76446 0.81355 0.05990
820 0.75560 0.80428 0.05907
821 0.78447 0.83516 0.06120
822 0.76609 0.81575 0.05963
823 0.79042 0.84180 0.06139
824 0.80404 0.85647 0.06232
825 0.80201 0.85446 0.06203
826 0.81230 0.86558 0.06269
827 0.80745 0.86056 0.06218
828 0.81677 0.87066 0.06276
829 0.80905 0.86258 0.06203
830 0.80230 0.85553 0.06138
831 0.79025 0.84283 0.06033
832 0.80996 0.86401 0.06170
833 0.78484 0.83736 0.05966
834 0.80558 0.85965 0.06111
835 0.81041 0.86494 0.06134
836 0.82192 0.87739 0.06208
837 0.81719 0.87249 0.06160
838 0.81989 0.87552 0.06167
839 0.79885 0.85319 0.05996
840 0.82533 0.88163 0.06182
841 0.82852 0.88519 0.06192
842 0.82428 0.88080 0.06148
843 0.82038 0.87679 0.06106
844 0.81604 0.87230 0.06061
845 0.82726 0.88444 0.06131
846 0.83790 0.89596 0.06197
847 0.80905 0.86526 0.05971
848 0.83107 0.88895 0.06121
849 0.83864 0.89720 0.06164
850 0.72159 0.77211 0.05293
851 0.83027 0.88854 0.06077
852 0.79602 0.85203 0.05814
853 0.80498 0.86176 0.05868
854 0.64876 0.69463 0.04719
855 0.71473 0.76539 0.05188
856 0.81159 0.86926 0.05879
857 0.83002 0.88913 0.06001
858 0.81441 0.87255 0.05876
859 0.81504 0.87337 0.05868
860 0.80787 0.86583 0.05805
861 0.80863 0.86677 0.05798
862 0.80666 0.86480 0.05772
863 0.82190 0.88128 0.05869
864 0.82047 0.87987 0.05847
865 0.80573 0.86420 0.05731
866 0.67581 0.72497 0.04797
867 0.71976 0.77223 0.05098
868 0.78026 0.83728 0.05516
869 0.76952 0.82588 0.05429
870 0.80100 0.85979 0.05640
871 0.80017 0.85903 0.05623
872 0.79683 0.85557 0.05588
873 0.80007 0.85919 0.05599
874 0.78254 0.84049 0.05466
875 0.77488 0.83238 0.05401
876 0.78120 0.83930 0.05435
877 0.79650 0.85586 0.05530
878 0.78274 0.84120 0.05424
879 0.78465 0.84338 0.05426
880 0.77997 0.83847 0.05383
881 0.73900 0.79455 0.05090
882 0.77962 0.83834 0.05359
883 0.76090 0.81833 0.05220
884 0.76687 0.82487 0.05251
885 0.77445 0.83315 0.05292
886 0.74999 0.80695 0.05115
887 0.74128 0.79769 0.05046
888 0.76262 0.82077 0.05181
889 0.76581 0.82433 0.05193
890 0.76065 0.81888 0.05147
891 0.75144 0.80908 0.05075
892 0.74128 0.79826 0.04997
893 0.70396 0.75818 0.04736
894 0.71085 0.76570 0.04773
895 0.65884 0.70978 0.04415
896 0.66125 0.71247 0.04423
897 0.62287 0.67122 0.04158
898 0.60328 0.65020 0.04020
899 0.58784 0.63364 0.03909
900 0.56581 0.60998 0.03755
901 0.55556 0.59901 0.03680
902 0.55375 0.59714 0.03661
903 0.59467 0.64135 0.03924
904 0.61352 0.66177 0.04041
905 0.61693 0.66554 0.04056
906 0.59675 0.64386 0.03916
907 0.59779 0.64507 0.03915
908 0.57018 0.61535 0.03727
909 0.54865 0.59220 0.03579
910 0.54691 0.59040 0.03561
911 0.54131 0.58443 0.03518
912 0.54111 0.58429 0.03510
913 0.55343 0.59766 0.03583
914 0.55073 0.59483 0.03559
915 0.54572 0.58949 0.03520
916 0.55949 0.60445 0.03602
917 0.56153 0.60673 0.03609
918 0.57258 0.61875 0.03673
919 0.59417 0.64216 0.03804
920 0.59953 0.64804 0.03831
921 0.59340 0.64149 0.03785
922 0.59092 0.63889 0.03762
923 0.56493 0.61087 0.03590
924 0.58238 0.62982 0.03694
925 0.57996 0.62728 0.03672
926 0.54537 0.58994 0.03446
927 0.54415 0.58870 0.03432
928 0.51865 0.56118 0.03265
929 0.47723 0.51643 0.02999
930 0.43332 0.46897 0.02718
931 0.38688 0.41876 0.02422
932 0.33856 0.36651 0.02116
933 0.29908 0.32381 0.01866
934 0.26465 0.28656 0.01648
935 0.24745 0.26797 0.01538
936 0.25211 0.27305 0.01564
937 0.28123 0.30463 0.01742
938 0.30950 0.33528 0.01913
939 0.34247 0.37105 0.02113
940 0.36286 0.39319 0.02235
941 0.36179 0.39207 0.02224
942 0.34358 0.37239 0.02108
943 0.35008 0.37947 0.02144
944 0.32754 0.35509 0.02003
945 0.32247 0.34963 0.01968
946 0.32623 0.35375 0.01988
947 0.33137 0.35936 0.02015
948 0.34400 0.37310 0.02088
949 0.35435 0.38437 0.02147
950 0.36014 0.39070 0.02178
951 0.36517 0.39620 0.02205
952 0.36996 0.40145 0.02230
953 0.37243 0.40418 0.02241
954 0.37665 0.40880 0.02262
955 0.36047 0.39128 0.02161
956 0.39439 0.42815 0.02360
957 0.40491 0.43962 0.02419
958 0.41935 0.45535 0.02501
959 0.42864 0.46549 0.02552
960 0.43035 0.46740 0.02557
961 0.43151 0.46871 0.02560
962 0.43910 0.47701 0.02600
963 0.44443 0.48285 0.02627
964 0.45103 0.49008 0.02661
965 0.47211 0.51304 0.02781
966 0.47548 0.51676 0.02796
967 0.50919 0.55346 0.02989
968 0.52162 0.56703 0.03056
969 0.54015 0.58723 0.03159
970 0.55151 0.59965 0.03220
971 0.55009 0.59817 0.03206
972 0.55201 0.60032 0.03212
973 0.54145 0.58890 0.03145
974 0.52796 0.57429 0.03061
975 0.52750 0.57385 0.03053
976 0.53501 0.58208 0.03091
977 0.52645 0.57283 0.03037
978 0.54603 0.59420 0.03144
979 0.53848 0.58604 0.03095
980 0.55482 0.60389 0.03184
981 0.56716 0.61738 0.03249
982 0.57353 0.62438 0.03280
983 0.58049 0.63203 0.03314
984 0.58486 0.63686 0.03333
985 0.59289 0.64566 0.03373
986 0.59429 0.64726 0.03375
987 0.60730 0.66149 0.03443
988 0.60357 0.65750 0.03416
989 0.59900 0.65259 0.03385
990 0.60584 0.66011 0.03417
991 0.61250 0.66743 0.03449
992 0.60841 0.66303 0.03420
993 0.60992 0.66475 0.03423
994 0.61457 0.66988 0.03443
995 0.61053 0.66555 0.03415
996 0.61089 0.66600 0.03411
997 0.61151 0.66675 0.03409
998 0.60823 0.66323 0.03385
999 0.60535 0.66016 0.03363
1000 0.59909 0.65340 0.03323
1001 0.60187 0.65650 0.03333
1002 0.60004 0.65457 0.03317
1003 0.59234 0.64623 0.03269
1004 0.58738 0.64088 0.03236
1005 0.54796 0.59793 0.03014
1006 0.57683 0.62950 0.03167
1007 0.58681 0.64045 0.03217
1008 0.58844 0.64229 0.03220
1009 0.58471 0.63828 0.03195
1010 0.58762 0.64151 0.03205
1011 0.58482 0.63852 0.03185
1012 0.58640 0.64031 0.03188
1013 0.58400 0.63775 0.03170
1014 0.58876 0.64301 0.03190
1015 0.57896 0.63236 0.03132
1016 0.58347 0.63734 0.03151
1017 0.57705 0.63040 0.03111
1018 0.58523 0.63939 0.03150
1019 0.57174 0.62470 0.03073
1020 0.56961 0.62243 0.03056
1021 0.57489 0.62827 0.03079
1022 0.56623 0.61886 0.03028
1023 0.57651 0.63016 0.03078
1024 0.57404 0.62751 0.03060
1025 0.57364 0.62714 0.03053
1026 0.57507 0.62876 0.03055
1027 0.57256 0.62607 0.03037
1028 0.57435 0.62808 0.03042
1029 0.56633 0.61936 0.02994
1030 0.57314 0.62687 0.03025
1031 0.57163 0.62528 0.03013
1032 0.57087 0.62450 0.03004
1033 0.56082 0.61356 0.02946
1034 0.56719 0.62059 0.02975
1035 0.56174 0.61468 0.02941
1036 0.56950 0.62322 0.02977
1037 0.55720 0.60982 0.02908
1038 0.56317 0.61641 0.02935
1039 0.56577 0.61930 0.02944
1040 0.55898 0.61193 0.02904
1041 0.56234 0.61565 0.02916
1042 0.56403 0.61757 0.02921
1043 0.55407 0.60671 0.02864
1044 0.55989 0.61314 0.02890
1045 0.55732 0.61037 0.02872
1046 0.54141 0.59300 0.02786
1047 0.55139 0.60398 0.02832
1048 0.55727 0.61047 0.02858
1049 0.55399 0.60694 0.02837
1050 0.55057 0.60325 0.02815
1051 0.55045 0.60316 0.02810
1052 0.54868 0.60127 0.02796
1053 0.54851 0.60114 0.02791
1054 0.54256 0.59466 0.02756
1055 0.54736 0.59998 0.02776
1056 0.54502 0.59746 0.02760
1057 0.54405 0.59644 0.02751
1058 0.53861 0.59053 0.02719
1059 0.52194 0.57231 0.02631
1060 0.54030 0.59249 0.02719
1061 0.52152 0.57194 0.02621
1062 0.53632 0.58822 0.02691
1063 0.52746 0.57855 0.02642
1064 0.53409 0.58587 0.02671
1065 0.53346 0.58522 0.02664
1066 0.51600 0.56612 0.02573
1067 0.52680 0.57801 0.02623
1068 0.52423 0.57523 0.02606
1069 0.48329 0.53036 0.02399
1070 0.50994 0.55965 0.02527
1071 0.50900 0.55866 0.02518
1072 0.50988 0.55967 0.02519
1073 0.49183 0.53990 0.02426
1074 0.50867 0.55843 0.02505
1075 0.49223 0.54043 0.02421
1076 0.50213 0.55134 0.02465
1077 0.49990 0.54894 0.02451
1078 0.49992 0.54900 0.02447
1079 0.47754 0.52447 0.02334
1080 0.49110 0.53940 0.02397
1081 0.47168 0.51811 0.02298
1082 0.47498 0.52177 0.02311
1083 0.45919 0.50447 0.02231
1084 0.47355 0.52029 0.02297
1085 0.46679 0.51290 0.02261
1086 0.47181 0.51846 0.02282
1087 0.44136 0.48503 0.02131
1088 0.46800 0.51434 0.02256
1089 0.45200 0.49680 0.02176
1090 0.45899 0.50452 0.02206
1091 0.45686 0.50222 0.02193
1092 0.44127 0.48512 0.02115
1093 0.43223 0.47521 0.02068
1094 0.38916 0.42789 0.01859
1095 0.41783 0.45946 0.01993
1096 0.41023 0.45113 0.01954
1097 0.39391 0.43321 0.01874
1098 0.37858 0.41638 0.01798
1099 0.36969 0.40663 0.01753
1100 0.36681 0.40351 0.01737
1101 0.36155 0.39774 0.01709
1102 0.34744 0.38225 0.01640
1103 0.36072 0.39689 0.01700
1104 0.35496 0.39058 0.01671
1105 0.34965 0.38476 0.01643
1106 0.34260 0.37704 0.01608
1107 0.33909 0.37320 0.01589
1108 0.33852 0.37260 0.01584
1109 0.34267 0.37719 0.01601
1110 0.34449 0.37922 0.01607
1111 0.33330 0.36693 0.01553
1112 0.31731 0.34935 0.01476
1113 0.30061 0.33099 0.01396
1114 0.28208 0.31061 0.01308
1115 0.25276 0.27834 0.01171
1116 0.22122 0.24363 0.01023
1117 0.19233 0.21183 0.00888
1118 0.16296 0.17949 0.00751
1119 0.13549 0.14925 0.00624
1120 0.11720 0.12911 0.00539
1121 0.10406 0.11464 0.00478
1122 0.09831 0.10831 0.00451
1123 0.09789 0.10785 0.00448
1124 0.09802 0.10801 0.00448
1125 0.09958 0.10974 0.00454
1126 0.09924 0.10937 0.00452
1127 0.10403 0.11465 0.00473
1128 0.10861 0.11971 0.00494
1129 0.12462 0.13737 0.00565
1130 0.14464 0.15945 0.00655
1131 0.16163 0.17819 0.00731
1132 0.15055 0.16598 0.00680
1133 0.11761 0.12968 0.00531
1134 0.10332 0.11393 0.00465
1135 0.10171 0.11216 0.00458
1136 0.11077 0.12216 0.00498
1137 0.14360 0.15838 0.00644
1138 0.18199 0.20073 0.00815
1139 0.21513 0.23730 0.00962
1140 0.21965 0.24231 0.00981
1141 0.20758 0.22900 0.00926
1142 0.19804 0.21849 0.00882
1143 0.17646 0.19469 0.00785
1144 0.15946 0.17595 0.00708
1145 0.15096 0.16658 0.00669
1146 0.14971 0.16522 0.00663
1147 0.15450 0.17051 0.00683
1148 0.16331 0.18024 0.00721
1149 0.17595 0.19421 0.00776
1150 0.18602 0.20534 0.00819
1151 0.19186 0.21180 0.00844
1152 0.19637 0.21679 0.00862
1153 0.20202 0.22304 0.00886
1154 0.21174 0.23379 0.00927
1155 0.22489 0.24832 0.00983
1156 0.23693 0.26164 0.01034
1157 0.25965 0.28674 0.01132
1158 0.28260 0.31211 0.01230
1159 0.29813 0.32928 0.01296
1160 0.30870 0.34098 0.01340
1161 0.31354 0.34635 0.01359
1162 0.33502 0.37010 0.01451
1163 0.34651 0.38281 0.01498
1164 0.34726 0.38367 0.01499
1165 0.35882 0.39647 0.01547
1166 0.35197 0.38892 0.01515
1167 0.35833 0.39598 0.01541
1168 0.36242 0.40052 0.01556
1169 0.35164 0.38862 0.01508
1170 0.36308 0.40130 0.01555
1171 0.36519 0.40366 0.01562
1172 0.36388 0.40223 0.01554
1173 0.36289 0.40116 0.01547
1174 0.36467 0.40315 0.01553
1175 0.36240 0.40067 0.01541
1176 0.35465 0.39212 0.01506
1177 0.36771 0.40659 0.01559
1178 0.36039 0.39852 0.01526
1179 0.35577 0.39343 0.01505
1180 0.35581 0.39350 0.01503
1181 0.35070 0.38788 0.01479
1182 0.34879 0.38579 0.01469
1183 0.32754 0.36231 0.01378
1184 0.34320 0.37965 0.01441
1185 0.34854 0.38558 0.01462
1186 0.34667 0.38354 0.01452
1187 0.34739 0.38436 0.01453
1188 0.34617 0.38303 0.01446
1189 0.32802 0.36297 0.01368
1190 0.34777 0.38484 0.01449
1191 0.35997 0.39837 0.01498
1192 0.36343 0.40222 0.01510
1193 0.36552 0.40456 0.01517
1194 0.36469 0.40366 0.01511
1195 0.35941 0.39784 0.01487
1196 0.35649 0.39462 0.01473
1197 0.35393 0.39181 0.01461
1198 0.34087 0.37738 0.01405
1199 0.32718 0.36225 0.01347
1200 0.34779 0.38508 0.01429
1201 0.35091 0.38857 0.01440
1202 0.35299 0.39089 0.01447
1203 0.33906 0.37549 0.01388
1204 0.34818 0.38561 0.01423
1205 0.35988 0.39859 0.01469
1206 0.36059 0.39940 0.01470
1207 0.36583 0.40522 0.01490
1208 0.36088 0.39977 0.01467
1209 0.33696 0.37329 0.01368
1210 0.35822 0.39687 0.01453
1211 0.34514 0.38240 0.01398
1212 0.35567 0.39408 0.01439
1213 0.35686 0.39542 0.01441
1214 0.35714 0.39575 0.01441
1215 0.36152 0.40063 0.01456
1216 0.36333 0.40266 0.01462
1217 0.36621 0.40587 0.01471
1218 0.36933 0.40936 0.01482
1219 0.36931 0.40935 0.01480
1220 0.37345 0.41397 0.01495
1221 0.37335 0.41388 0.01492
1222 0.37146 0.41180 0.01483
1223 0.37063 0.41090 0.01477
1224 0.37393 0.41459 0.01489
1225 0.37280 0.41335 0.01482
1226 0.37505 0.41588 0.01489
1227 0.36395 0.40359 0.01443
1228 0.37680 0.41786 0.01492
1229 0.37766 0.41884 0.01494
1230 0.37784 0.41906 0.01492
1231 0.37944 0.42085 0.01497
1232 0.37591 0.41697 0.01481
1233 0.38031 0.42186 0.01496
1234 0.37968 0.42119 0.01492
1235 0.37829 0.41967 0.01484
1236 0.38192 0.42372 0.01497
1237 0.38207 0.42391 0.01495
1238 0.38281 0.42475 0.01496
1239 0.37918 0.42075 0.01480
1240 0.37794 0.41939 0.01474
1241 0.38150 0.42336 0.01486
1242 0.37991 0.42162 0.01477
1243 0.37572 0.41700 0.01459
1244 0.37234 0.41326 0.01444
1245 0.37894 0.42061 0.01468
1246 0.37555 0.41687 0.01453
1247 0.37388 0.41504 0.01445
1248 0.37720 0.41875 0.01456
1249 0.37637 0.41784 0.01451
1250 0.37502 0.41637 0.01443
1251 0.37329 0.41447 0.01435
1252 0.37232 0.41341 0.01429
1253 0.36879 0.40952 0.01414
1254 0.37029 0.41120 0.01418
1255 0.37012 0.41103 0.01416
1256 0.36911 0.40993 0.01410
1257 0.36565 0.40611 0.01395
1258 0.36800 0.40874 0.01402
1259 0.36529 0.40576 0.01390
1260 0.36577 0.40630 0.01390
1261 0.36623 0.40684 0.01390
1262 0.35935 0.39921 0.01362
1263 0.36408 0.40449 0.01378
1264 0.35888 0.39873 0.01357
1265 0.35947 0.39941 0.01357
1266 0.36271 0.40302 0.01368
1267 0.35599 0.39557 0.01341
1268 0.35322 0.39252 0.01329
1269 0.35682 0.39654 0.01341
1270 0.35713 0.39690 0.01340
1271 0.35767 0.39752 0.01340
1272 0.35501 0.39459 0.01329
1273 0.35403 0.39351 0.01324
1274 0.35140 0.39061 0.01312
1275 0.35273 0.39211 0.01315
1276 0.35217 0.39150 0.01312
1277 0.35122 0.39047 0.01306
1278 0.34876 0.38775 0.01296
1279 0.34497 0.38356 0.01280
1280 0.34314 0.38154 0.01272
1281 0.33253 0.36976 0.01231
1282 0.29513 0.32819 0.01091
1283 0.32366 0.35994 0.01195
1284 0.33696 0.37475 0.01243
1285 0.33719 0.37501 0.01242
1286 0.33480 0.37237 0.01231
1287 0.33435 0.37189 0.01228
1288 0.32936 0.36636 0.01208
1289 0.32967 0.36672 0.01208
1290 0.32050 0.35653 0.01173
1291 0.32441 0.36090 0.01186
1292 0.32462 0.36115 0.01185
1293 0.32405 0.36054 0.01182
1294 0.31613 0.35174 0.01151
1295 0.31587 0.35147 0.01149
1296 0.31338 0.34872 0.01139
1297 0.30814 0.34290 0.01118
1298 0.30338 0.33762 0.01100
1299 0.30439 0.33876 0.01102
1300 0.30113 0.33514 0.01089
1301 0.29821 0.33191 0.01077
1302 0.29168 0.32465 0.01052
1303 0.28712 0.31960 0.01034
1304 0.28474 0.31696 0.01024
1305 0.28276 0.31477 0.01016
1306 0.27912 0.31073 0.01002
1307 0.27490 0.30605 0.00985
1308 0.27179 0.30260 0.00973
1309 0.26901 0.29952 0.00962
1310 0.26337 0.29325 0.00941
1311 0.25712 0.28631 0.00917
1312 0.25071 0.27919 0.00893
1313 0.23733 0.26429 0.00845
1314 0.24291 0.27052 0.00863
1315 0.23285 0.25933 0.00827
1316 0.23478 0.26149 0.00832
1317 0.23324 0.25978 0.00826
1318 0.22386 0.24935 0.00792
1319 0.22121 0.24640 0.00782
1320 0.21477 0.23924 0.00758
1321 0.21048 0.23447 0.00742
1322 0.20911 0.23296 0.00736
1323 0.20991 0.23386 0.00738
1324 0.21030 0.23430 0.00739
1325 0.20549 0.22895 0.00721
1326 0.19379 0.21593 0.00679
1327 0.17621 0.19634 0.00617
1328 0.15936 0.17759 0.00557
1329 0.13847 0.15431 0.00483
1330 0.12954 0.14437 0.00452
1331 0.12346 0.13760 0.00430
1332 0.11821 0.13175 0.00411
1333 0.12217 0.13616 0.00424
1334 0.12545 0.13983 0.00435
1335 0.13155 0.14663 0.00456
1336 0.13718 0.15292 0.00475
1337 0.14423 0.16079 0.00499
1338 0.14922 0.16635 0.00515
1339 0.15227 0.16976 0.00525
1340 0.15471 0.17248 0.00533
1341 0.15792 0.17607 0.00543
1342 0.15387 0.17156 0.00529
1343 0.14296 0.15941 0.00491
1344 0.12488 0.13925 0.00428
1345 0.10350 0.11542 0.00355
1346 0.08089 0.09021 0.00277
1347 0.06324 0.07052 0.00216
1348 0.04685 0.05226 0.00160
1349 0.03373 0.03762 0.00115
1350 0.02263 0.02525 0.00077
1351 0.01473 0.01643 0.00050
1352 0.00956 0.01067 0.00032
1353 0.00615 0.00686 0.00021
1354 0.00406 0.00452 0.00014
1355 0.00257 0.00287 0.00009
1356 0.00154 0.00172 0.00005
1357 0.00081 0.00090 0.00003
1358 0.00041 0.00045 0.00001
1359 0.00020 0.00023 0.00001
1360 0.00011 0.00013 0.00000
1361 0.00008 0.00009 0.00000
1362 0.00006 0.00007 0.00000
1363 0.00006 0.00006 0.00000
1364 0.00006 0.00007 0.00000
1365 0.00007 0.00008 0.00000
1366 0.00008 0.00009 0.00000
1367 0.00008 0.00009 0.00000
1368 0.00009 0.00010 0.00000
1369 0.00011 0.00012 0.00000
1370 0.00016 0.00018 0.00001
1371 0.00027 0.00030 0.00001
1372 0.00054 0.00060 0.00002
1373 0.00114 0.00128 0.00004
1374 0.00237 0.00265 0.00008
1375 0.00376 0.00420 0.00012
1376 0.00415 0.00463 0.00014
1377 0.00317 0.00354 0.00010
1378 0.00173 0.00194 0.00006
1379 0.00082 0.00092 0.00003
1380 0.00039 0.00043 0.00001
1381 0.00023 0.00026 0.00001
1382 0.00017 0.00019 0.00001
1383 0.00015 0.00017 0.00001
1384 0.00018 0.00020 0.00001
1385 0.00027 0.00030 0.00001
1386 0.00053 0.00059 0.00002
1387 0.00111 0.00124 0.00004
1388 0.00206 0.00230 0.00007
1389 0.00325 0.00363 0.00011
1390 0.00391 0.00437 0.00013
1391 0.00384 0.00429 0.00012
1392 0.00316 0.00353 0.00010
1393 0.00258 0.00288 0.00008
1394 0.00227 0.00254 0.00007
1395 0.00214 0.00239 0.00007
1396 0.00213 0.00238 0.00007
1397 0.00223 0.00249 0.00007
1398 0.00256 0.00286 0.00008
1399 0.00317 0.00354 0.00010
1400 0.00375 0.00420 0.00012
1401 0.00419 0.00469 0.00013
1402 0.00446 0.00499 0.00014
1403 0.00463 0.00517 0.00015
1404 0.00486 0.00544 0.00016
1405 0.00529 0.00591 0.00017
1406 0.00582 0.00650 0.00019
1407 0.00637 0.00712 0.00020
1408 0.00723 0.00809 0.00023
1409 0.00857 0.00958 0.00027
1410 0.01033 0.01155 0.00033
1411 0.01289 0.01441 0.00041
1412 0.01517 0.01696 0.00048
1413 0.01834 0.02050 0.00058
1414 0.02110 0.02359 0.00067
1415 0.02252 0.02519 0.00071
1416 0.02350 0.02628 0.00074
1417 0.02477 0.02770 0.00078
1418 0.02637 0.02949 0.00083
1419 0.02799 0.03131 0.00088
1420 0.02960 0.03310 0.00093
1421 0.03151 0.03524 0.00099
1422 0.03213 0.03593 0.00101
1423 0.03312 0.03704 0.00104
1424 0.03471 0.03883 0.00109
1425 0.03678 0.04115 0.00115
1426 0.03623 0.04052 0.00113
1427 0.03782 0.04231 0.00118
1428 0.03948 0.04417 0.00123
1429 0.03925 0.04391 0.00122
1430 0.03927 0.04393 0.00122
1431 0.03981 0.04454 0.00124
1432 0.04049 0.04530 0.00126
1433 0.04026 0.04505 0.00125
1434 0.03904 0.04369 0.00121
1435 0.03945 0.04414 0.00122
1436 0.04045 0.04527 0.00125
1437 0.04228 0.04732 0.00130
1438 0.04404 0.04929 0.00136
1439 0.04690 0.05249 0.00144
1440 0.04516 0.05054 0.00139
1441 0.04868 0.05449 0.00150
1442 0.04865 0.05445 0.00149
1443 0.05010 0.05608 0.00154
1444 0.05140 0.05753 0.00157
1445 0.05192 0.05812 0.00159
1446 0.05288 0.05919 0.00162
1447 0.05252 0.05879 0.00160
1448 0.05295 0.05928 0.00161
1449 0.05367 0.06008 0.00163
1450 0.05490 0.06147 0.00167
1451 0.05683 0.06362 0.00173
1452 0.05907 0.06614 0.00179
1453 0.06421 0.07189 0.00195
1454 0.07033 0.07875 0.00213
1455 0.07676 0.08595 0.00232
1456 0.08422 0.09431 0.00255
1457 0.09108 0.10199 0.00275
1458 0.09517 0.10658 0.00287
1459 0.09581 0.10729 0.00289
1460 0.09179 0.10280 0.00276
1461 0.08813 0.09870 0.00265
1462 0.08290 0.09285 0.00249
1463 0.07709 0.08634 0.00231
1464 0.07223 0.08090 0.00216
1465 0.06839 0.07661 0.00205
1466 0.06173 0.06915 0.00185
1467 0.05865 0.06570 0.00175
1468 0.05423 0.06075 0.00162
1469 0.05366 0.06012 0.00160
1470 0.05409 0.06060 0.00161
1471 0.05537 0.06203 0.00165
1472 0.05915 0.06628 0.00176
1473 0.06408 0.07180 0.00190
1474 0.06805 0.07625 0.00202
1475 0.07680 0.08605 0.00227
1476 0.08188 0.09175 0.00242
1477 0.08501 0.09526 0.00251
1478 0.08474 0.09496 0.00250
1479 0.08555 0.09587 0.00252
1480 0.08581 0.09616 0.00253
1481 0.08453 0.09473 0.00249
1482 0.08601 0.09640 0.00253
1483 0.08552 0.09585 0.00251
1484 0.08917 0.09994 0.00262
1485 0.09489 0.10636 0.00278
1486 0.09792 0.10976 0.00287
1487 0.10284 0.11527 0.00301
1488 0.09530 0.10683 0.00278
1489 0.11590 0.12992 0.00338
1490 0.12450 0.13956 0.00363
1491 0.13535 0.15174 0.00394
1492 0.14108 0.15817 0.00410
1493 0.15161 0.16998 0.00441
1494 0.15713 0.17617 0.00456
1495 0.16083 0.18033 0.00466
1496 0.16061 0.18009 0.00465
1497 0.16921 0.18973 0.00490
1498 0.17585 0.19718 0.00508
1499 0.17766 0.19921 0.00513
1500 0.18436 0.20674 0.00532
1501 0.18746 0.21022 0.00540
1502 0.18838 0.21126 0.00542
1503 0.17069 0.19143 0.00491
1504 0.17895 0.20070 0.00514
1505 0.17927 0.20107 0.00515
1506 0.18271 0.20493 0.00524
1507 0.19358 0.21713 0.00555
1508 0.19313 0.21663 0.00553
1509 0.19693 0.22089 0.00563
1510 0.20310 0.22782 0.00580
1511 0.20588 0.23095 0.00587
1512 0.20394 0.22878 0.00581
1513 0.20453 0.22944 0.00582
1514 0.20276 0.22747 0.00577
1515 0.20839 0.23379 0.00592
1516 0.20764 0.23295 0.00589
1517 0.20780 0.23315 0.00589
1518 0.21335 0.23938 0.00604
1519 0.21237 0.23829 0.00601
1520 0.21586 0.24221 0.00610
1521 0.21330 0.23934 0.00602
1522 0.21359 0.23967 0.00602
1523 0.22051 0.24745 0.00621
1524 0.22017 0.24708 0.00620
1525 0.21635 0.24279 0.00608
1526 0.22321 0.25050 0.00627
1527 0.22137 0.24845 0.00621
1528 0.22354 0.25088 0.00627
1529 0.22359 0.25094 0.00626
1530 0.21037 0.23612 0.00589
1531 0.22582 0.25346 0.00631
1532 0.22538 0.25298 0.00629
1533 0.22567 0.25331 0.00629
1534 0.22338 0.25075 0.00622
1535 0.22423 0.25171 0.00624
1536 0.22818 0.25615 0.00634
1537 0.22872 0.25677 0.00635
1538 0.22262 0.24992 0.00618
1539 0.22790 0.25586 0.00632
1540 0.22001 0.24701 0.00609
1541 0.22439 0.25193 0.00621
1542 0.22632 0.25411 0.00625
1543 0.22574 0.25347 0.00623
1544 0.22844 0.25650 0.00630
1545 0.22866 0.25676 0.00630
1546 0.22805 0.25608 0.00628
1547 0.22577 0.25353 0.00621
1548 0.21935 0.24633 0.00603
1549 0.22533 0.25304 0.00618
1550 0.22381 0.25135 0.00614
1551 0.22310 0.25056 0.00611
1552 0.22652 0.25441 0.00620
1553 0.22577 0.25357 0.00617
1554 0.21754 0.24433 0.00594
1555 0.22094 0.24816 0.00603
1556 0.21687 0.24359 0.00591
1557 0.22357 0.25112 0.00609
1558 0.22192 0.24929 0.00604
1559 0.22189 0.24925 0.00603
1560 0.21848 0.24543 0.00593
1561 0.22335 0.25090 0.00606
1562 0.22323 0.25078 0.00605
1563 0.21982 0.24696 0.00595
1564 0.21644 0.24317 0.00585
1565 0.22057 0.24782 0.00596
1566 0.21563 0.24227 0.00582
1567 0.21736 0.24423 0.00586
1568 0.21499 0.24156 0.00579
1569 0.21761 0.24452 0.00585
1570 0.21360 0.24002 0.00574
1571 0.21958 0.24674 0.00589
1572 0.21971 0.24689 0.00589
1573 0.21649 0.24328 0.00580
1574 0.21573 0.24244 0.00577
1575 0.19995 0.22471 0.00535
1576 0.21497 0.24159 0.00574
1577 0.19413 0.21818 0.00518
1578 0.21243 0.23876 0.00566
1579 0.21238 0.23870 0.00566
1580 0.21564 0.24237 0.00574
1581 0.21473 0.24136 0.00571
1582 0.20882 0.23473 0.00555
1583 0.21041 0.23652 0.00558
1584 0.20785 0.23364 0.00551
1585 0.21277 0.23918 0.00563
1586 0.21020 0.23630 0.00556
1587 0.20761 0.23340 0.00549
1588 0.20419 0.22955 0.00539
1589 0.18663 0.20982 0.00492
1590 0.20058 0.22551 0.00529
1591 0.19627 0.22067 0.00517
1592 0.20607 0.23169 0.00542
1593 0.21091 0.23713 0.00554
1594 0.20917 0.23519 0.00549
1595 0.21080 0.23703 0.00553
1596 0.19760 0.22220 0.00518
1597 0.20596 0.23160 0.00539
1598 0.21107 0.23735 0.00552
1599 0.20464 0.23013 0.00535
1600 0.20903 0.23507 0.00545
1601 0.20099 0.22604 0.00524
1602 0.20622 0.23193 0.00537
1603 0.20478 0.23031 0.00533
1604 0.20745 0.23331 0.00539
1605 0.20421 0.22967 0.00530
1606 0.20341 0.22878 0.00528
1607 0.20424 0.22973 0.00529
1608 0.20672 0.23252 0.00535
1609 0.20584 0.23154 0.00532
1610 0.19245 0.21648 0.00497
1611 0.19822 0.22298 0.00512
1612 0.19900 0.22385 0.00513
1613 0.20311 0.22848 0.00523
1614 0.20060 0.22567 0.00516
1615 0.20395 0.22945 0.00525
1616 0.19067 0.21451 0.00490
1617 0.19571 0.22019 0.00502
1618 0.20245 0.22777 0.00519
1619 0.20170 0.22694 0.00517
1620 0.19596 0.22048 0.00502
1621 0.19356 0.21779 0.00495
1622 0.19783 0.22260 0.00505
1623 0.20210 0.22741 0.00516
1624 0.20386 0.22939 0.00520
1625 0.19810 0.22292 0.00505
1626 0.20070 0.22585 0.00511
1627 0.20056 0.22570 0.00510
1628 0.20207 0.22740 0.00513
1629 0.20192 0.22724 0.00512
1630 0.19598 0.22057 0.00497
1631 0.19918 0.22416 0.00504
1632 0.19905 0.22403 0.00504
1633 0.19644 0.22110 0.00497
1634 0.19220 0.21632 0.00485
1635 0.19710 0.22185 0.00497
1636 0.19621 0.22085 0.00495
1637 0.18786 0.21146 0.00473
1638 0.18618 0.20957 0.00468
1639 0.18447 0.20765 0.00464
1640 0.18606 0.20945 0.00467
1641 0.18512 0.20840 0.00464
1642 0.18415 0.20731 0.00462
1643 0.18897 0.21274 0.00473
1644 0.18550 0.20884 0.00464
1645 0.18616 0.20958 0.00465
1646 0.18847 0.21219 0.00471
1647 0.18994 0.21385 0.00474
1648 0.18893 0.21272 0.00471
1649 0.18462 0.20787 0.00460
1650 0.18857 0.21233 0.00469
1651 0.18433 0.20756 0.00458
1652 0.18751 0.21114 0.00466
1653 0.18577 0.20918 0.00461
1654 0.18735 0.21097 0.00464
1655 0.18401 0.20721 0.00456
1656 0.18723 0.21085 0.00463
1657 0.18553 0.20893 0.00459
1658 0.18633 0.20984 0.00460
1659 0.18306 0.20617 0.00452
1660 0.18556 0.20898 0.00457
1661 0.18643 0.20997 0.00459
1662 0.18488 0.20822 0.00455
1663 0.18415 0.20742 0.00453
1664 0.18344 0.20661 0.00450
1665 0.18191 0.20490 0.00446
1666 0.18122 0.20413 0.00444
1667 0.18218 0.20522 0.00446
1668 0.17985 0.20260 0.00440
1669 0.17993 0.20268 0.00440
1670 0.18326 0.20645 0.00448
1671 0.18244 0.20553 0.00445
1672 0.17332 0.19526 0.00422
1673 0.17822 0.20078 0.00434
1674 0.17901 0.20167 0.00436
1675 0.17734 0.19979 0.00431
1676 0.17487 0.19702 0.00425
1677 0.17572 0.19799 0.00426
1678 0.17659 0.19896 0.00428
1679 0.17417 0.19624 0.00422
1680 0.16846 0.18982 0.00408
1681 0.16274 0.18337 0.00393
1682 0.16690 0.18807 0.00403
1683 0.17098 0.19267 0.00413
1684 0.17416 0.19626 0.00420
1685 0.17481 0.19699 0.00421
1686 0.17205 0.19389 0.00414
1687 0.17342 0.19543 0.00417
1688 0.17315 0.19514 0.00416
1689 0.17046 0.19211 0.00409
1690 0.17106 0.19279 0.00410
1691 0.17248 0.19440 0.00413
1692 0.17308 0.19508 0.00414
1693 0.17207 0.19394 0.00411
1694 0.17190 0.19376 0.00411
1695 0.17176 0.19360 0.00410
1696 0.17086 0.19258 0.00407
1697 0.16917 0.19069 0.00403
1698 0.17072 0.19244 0.00406
1699 0.16898 0.19049 0.00402
1700 0.16719 0.18847 0.00397
1701 0.16696 0.18821 0.00396
1702 0.16589 0.18701 0.00393
1703 0.16237 0.18304 0.00385
1704 0.16534 0.18640 0.00391
1705 0.16592 0.18705 0.00392
1706 0.16411 0.18502 0.00388
1707 0.16387 0.18476 0.00387
1708 0.15883 0.17907 0.00375
1709 0.16182 0.18245 0.00381
1710 0.16324 0.18406 0.00384
1711 0.15035 0.16952 0.00354
1712 0.16153 0.18213 0.00380
1713 0.16235 0.18306 0.00381
1714 0.16238 0.18311 0.00381
1715 0.16233 0.18305 0.00380
1716 0.16126 0.18185 0.00378
1717 0.15931 0.17965 0.00373
1718 0.15801 0.17819 0.00369
1719 0.15896 0.17927 0.00371
1720 0.15521 0.17504 0.00362
1721 0.15315 0.17272 0.00357
1722 0.15590 0.17582 0.00363
1723 0.14850 0.16748 0.00346
1724 0.15047 0.16971 0.00350
1725 0.15178 0.17119 0.00353
1726 0.15233 0.17181 0.00353
1727 0.15132 0.17068 0.00351
1728 0.14800 0.16693 0.00343
1729 0.15090 0.17021 0.00349
1730 0.15077 0.17007 0.00349
1731 0.14877 0.16781 0.00344
1732 0.14746 0.16634 0.00340
1733 0.13768 0.15532 0.00318
1734 0.13937 0.15723 0.00321
1735 0.14100 0.15906 0.00325
1736 0.13348 0.15058 0.00307
1737 0.13138 0.14822 0.00302
1738 0.13754 0.15517 0.00316
1739 0.13845 0.15620 0.00318
1740 0.13933 0.15720 0.00319
1741 0.13580 0.15322 0.00311
1742 0.13896 0.15679 0.00318
1743 0.13709 0.15468 0.00313
1744 0.13895 0.15678 0.00317
1745 0.13434 0.15158 0.00307
1746 0.13561 0.15302 0.00309
1747 0.13179 0.14871 0.00300
1748 0.13670 0.15426 0.00311
1749 0.13505 0.15240 0.00307
1750 0.13483 0.15215 0.00306
1751 0.13238 0.14938 0.00300
1752 0.13364 0.15081 0.00303
1753 0.13422 0.15147 0.00304
1754 0.13412 0.15136 0.00304
1755 0.13244 0.14947 0.00300
1756 0.13354 0.15072 0.00302
1757 0.13299 0.15009 0.00300
1758 0.13087 0.14771 0.00295
1759 0.13008 0.14682 0.00293
1760 0.12884 0.14542 0.00290
1761 0.12625 0.14250 0.00284
1762 0.12235 0.13810 0.00275
1763 0.12344 0.13933 0.00277
1764 0.12179 0.13748 0.00273
1765 0.12277 0.13859 0.00275
1766 0.12115 0.13676 0.00271
1767 0.12023 0.13572 0.00269
1768 0.11729 0.13241 0.00262
1769 0.11734 0.13246 0.00262
1770 0.11401 0.12871 0.00255
1771 0.11306 0.12764 0.00252
1772 0.11199 0.12644 0.00250
1773 0.11022 0.12444 0.00245
1774 0.10806 0.12200 0.00240
1775 0.10476 0.11828 0.00233
1776 0.10211 0.11528 0.00227
1777 0.09889 0.11166 0.00219
1778 0.09634 0.10877 0.00214
1779 0.09493 0.10719 0.00210
1780 0.09384 0.10596 0.00208
1781 0.09299 0.10500 0.00206
1782 0.09055 0.10225 0.00200
1783 0.08980 0.10140 0.00198
1784 0.08919 0.10071 0.00197
1785 0.08788 0.09924 0.00194
1786 0.08738 0.09868 0.00192
1787 0.08691 0.09814 0.00191
1788 0.08444 0.09536 0.00186
1789 0.08180 0.09238 0.00180
1790 0.07873 0.08891 0.00173
1791 0.07631 0.08619 0.00167
1792 0.07242 0.08179 0.00159
1793 0.06873 0.07762 0.00150
1794 0.06410 0.07239 0.00140
1795 0.05999 0.06776 0.00131
1796 0.05510 0.06223 0.00120
1797 0.04988 0.05634 0.00109
1798 0.04603 0.05199 0.00100
1799 0.04273 0.04827 0.00093
1800 0.03941 0.04452 0.00086
1801 0.03596 0.04062 0.00078
1802 0.03330 0.03761 0.00072
1803 0.03111 0.03514 0.00067
1804 0.02945 0.03327 0.00064
1805 0.02732 0.03087 0.00059
1806 0.02491 0.02814 0.00054
1807 0.02278 0.02574 0.00049
1808 0.02096 0.02368 0.00045
1809 0.01938 0.02190 0.00042
1810 0.01766 0.01995 0.00038
1811 0.01581 0.01786 0.00034
1812 0.01406 0.01588 0.00030
1813 0.01254 0.01417 0.00027
1814 0.01101 0.01244 0.00024
1815 0.00955 0.01079 0.00021
1816 0.00832 0.00940 0.00018
1817 0.00719 0.00813 0.00015
1818 0.00619 0.00700 0.00013
1819 0.00603 0.00681 0.00013
1820 0.00559 0.00632 0.00012
1821 0.00495 0.00559 0.00011
1822 0.00426 0.00481 0.00009
1823 0.00357 0.00403 0.00008
1824 0.00299 0.00338 0.00006
1825 0.00234 0.00265 0.00005
1826 0.00178 0.00201 0.00004
1827 0.00134 0.00151 0.00003
1828 0.00100 0.00113 0.00002
1829 0.00067 0.00076 0.00001
1830 0.00047 0.00053 0.00001
1831 0.00030 0.00034 0.00001
1832 0.00019 0.00021 0.00000
1833 0.00012 0.00013 0.00000
1834 0.00008 0.00009 0.00000
1835 0.00006 0.00007 0.00000
1836 0.00005 0.00006 0.00000
1837 0.00004 0.00005 0.00000
1838 0.00004 0.00004 0.00000
1839 0.00004 0.00004 0.00000
1840 0.00004 0.00004 0.00000
1841 0.00004 0.00004 0.00000
1842 0.00004 0.00004 0.00000
1843 0.00004 0.00005 0.00000
1844 0.00005 0.00006 0.00000
1845 0.00006 0.00006 0.00000
1846 0.00006 0.00007 0.00000
1847 0.00006 0.00007 0.00000
1848 0.00007 0.00008 0.00000
1849 0.00007 0.00008 0.00000
1850 0.00006 0.00007 0.00000
1851 0.00006 0.00007 0.00000
1852 0.00006 0.00006 0.00000
1853 0.00005 0.00006 0.00000
1854 0.00006 0.00007 0.00000
1855 0.00006 0.00007 0.00000
1856 0.00007 0.00008 0.00000
1857 0.00009 0.00010 0.00000
1858 0.00011 0.00012 0.00000
1859 0.00013 0.00014 0.00000
1860 0.00015 0.00017 0.00000
1861 0.00018 0.00020 0.00000
1862 0.00020 0.00022 0.00000
1863 0.00018 0.00021 0.00000
1864 0.00016 0.00018 0.00000
1865 0.00011 0.00012 0.00000
1866 0.00007 0.00007 0.00000
1867 0.00004 0.00004 0.00000
1868 0.00002 0.00003 0.00000
1869 0.00002 0.00002 0.00000
1870 0.00001 0.00001 0.00000
1871 0.00001 0.00001 0.00000
1872 0.00001 0.00001 0.00000
1873 0.00001 0.00001 0.00000
1874 0.00001 0.00001 0.00000
1875 0.00001 0.00001 0.00000
1876 0.00001 0.00001 0.00000
1877 0.00002 0.00003 0.00000
1878 0.00004 0.00004 0.00000
1879 0.00008 0.00009 0.00000
1880 0.00015 0.00017 0.00000
1881 0.00029 0.00033 0.00001
1882 0.00048 0.00054 0.00001
1883 0.00072 0.00081 0.00001
1884 0.00089 0.00101 0.00002
1885 0.00105 0.00119 0.00002
1886 0.00106 0.00120 0.00002
1887 0.00115 0.00131 0.00002
1888 0.00112 0.00127 0.00002
1889 0.00108 0.00122 0.00002
1890 0.00097 0.00110 0.00002
1891 0.00092 0.00104 0.00002
1892 0.00079 0.00090 0.00002
1893 0.00064 0.00072 0.00001
1894 0.00055 0.00062 0.00001
1895 0.00041 0.00046 0.00001
1896 0.00031 0.00035 0.00001
1897 0.00023 0.00027 0.00000
1898 0.00019 0.00022 0.00000
1899 0.00016 0.00018 0.00000
1900 0.00014 0.00016 0.00000
1901 0.00013 0.00014 0.00000
1902 0.00012 0.00013 0.00000
1903 0.00011 0.00012 0.00000
1904 0.00011 0.00012 0.00000
1905 0.00011 0.00012 0.00000
1906 0.00012 0.00013 0.00000
1907 0.00013 0.00015 0.00000
1908 0.00015 0.00017 0.00000
1909 0.00018 0.00021 0.00000
1910 0.00023 0.00026 0.00000
1911 0.00029 0.00032 0.00001
1912 0.00035 0.00040 0.00001
1913 0.00044 0.00050 0.00001
1914 0.00054 0.00061 0.00001
1915 0.00063 0.00072 0.00001
1916 0.00076 0.00086 0.00001
1917 0.00092 0.00104 0.00002
1918 0.00111 0.00126 0.00002
1919 0.00135 0.00153 0.00003
1920 0.00157 0.00177 0.00003
1921 0.00195 0.00221 0.00004
1922 0.00229 0.00259 0.00005
1923 0.00264 0.00299 0.00005
1924 0.00300 0.00340 0.00006
1925 0.00329 0.00373 0.00006
1926 0.00364 0.00412 0.00007
1927 0.00392 0.00444 0.00008
1928 0.00422 0.00478 0.00008
1929 0.00442 0.00500 0.00009
1930 0.00493 0.00558 0.00010
1931 0.00514 0.00582 0.00010
1932 0.00567 0.00642 0.00011
1933 0.00596 0.00674 0.00012
1934 0.00667 0.00755 0.00013
1935 0.00718 0.00813 0.00014
1936 0.00800 0.00906 0.00016
1937 0.00878 0.00994 0.00017
1938 0.00964 0.01092 0.00019
1939 0.01001 0.01133 0.00019
1940 0.01108 0.01255 0.00021
1941 0.01223 0.01385 0.00024
1942 0.01320 0.01495 0.00026
1943 0.01389 0.01573 0.00027
1944 0.01428 0.01617 0.00028
1945 0.01468 0.01663 0.00028
1946 0.01694 0.01918 0.00033
1947 0.01965 0.02225 0.00038
1948 0.02168 0.02455 0.00042
1949 0.02362 0.02675 0.00045
1950 0.02488 0.02818 0.00048
1951 0.02570 0.02910 0.00049
1952 0.02799 0.03170 0.00054
1953 0.03013 0.03412 0.00058
1954 0.03142 0.03558 0.00060
1955 0.03276 0.03710 0.00063
1956 0.03374 0.03821 0.00065
1957 0.03506 0.03971 0.00067
1958 0.03668 0.04154 0.00070
1959 0.03782 0.04284 0.00072
1960 0.03909 0.04428 0.00075
1961 0.04079 0.04620 0.00078
1962 0.04196 0.04752 0.00080
1963 0.04327 0.04901 0.00082
1964 0.04556 0.05161 0.00087
1965 0.04930 0.05584 0.00094
1966 0.05092 0.05768 0.00097
1967 0.05513 0.06245 0.00105
1968 0.05801 0.06571 0.00110
1969 0.06025 0.06826 0.00114
1970 0.06325 0.07165 0.00120
1971 0.06474 0.07334 0.00123
1972 0.06575 0.07448 0.00124
1973 0.06411 0.07263 0.00121
1974 0.06657 0.07541 0.00126
1975 0.06834 0.07742 0.00129
1976 0.06894 0.07810 0.00130
1977 0.06885 0.07800 0.00130
1978 0.06588 0.07464 0.00124
1979 0.07039 0.07975 0.00132
1980 0.06858 0.07770 0.00129
1981 0.06975 0.07903 0.00131
1982 0.07097 0.08041 0.00133
1983 0.07156 0.08108 0.00134
1984 0.07155 0.08107 0.00134
1985 0.07210 0.08169 0.00135
1986 0.07144 0.08095 0.00134
1987 0.07198 0.08156 0.00135
1988 0.07440 0.08430 0.00139
1989 0.07538 0.08542 0.00141
1990 0.07581 0.08591 0.00141
1991 0.07686 0.08710 0.00143
1992 0.07731 0.08761 0.00144
1993 0.07644 0.08663 0.00142
1994 0.07829 0.08872 0.00146
1995 0.08083 0.09160 0.00150
1996 0.08212 0.09306 0.00152
1997 0.08209 0.09303 0.00152
1998 0.08216 0.09311 0.00152
1999 0.08587 0.09731 0.00159
2000 0.08764 0.09933 0.00162
2001 0.08950 0.10143 0.00166
2002 0.09184 0.10409 0.00170
2003 0.08967 0.10163 0.00166
2004 0.08985 0.10184 0.00166
2005 0.09161 0.10383 0.00169
2006 0.08943 0.10136 0.00165
2007 0.09197 0.10424 0.00169
2008 0.09213 0.10443 0.00169
2009 0.09146 0.10367 0.00168
2010 0.09159 0.10382 0.00168
2011 0.09169 0.10394 0.00168
2012 0.09180 0.10406 0.00168
2013 0.09182 0.10408 0.00168
2014 0.09024 0.10230 0.00165
2015 0.09099 0.10314 0.00167
2016 0.09094 0.10309 0.00166
2017 0.09003 0.10206 0.00165
2018 0.09071 0.10283 0.00166
2019 0.08980 0.10180 0.00164
2020 0.08889 0.10077 0.00162
2021 0.08566 0.09710 0.00156
2022 0.08877 0.10064 0.00162
2023 0.08875 0.10061 0.00161
2024 0.08874 0.10060 0.00161
2025 0.08796 0.09973 0.00160
2026 0.08879 0.10067 0.00161
2027 0.08806 0.09984 0.00160
2028 0.08814 0.09993 0.00160
2029 0.08663 0.09822 0.00157
2030 0.08592 0.09742 0.00155
2031 0.08602 0.09753 0.00156
2032 0.08773 0.09947 0.00159
2033 0.08782 0.09958 0.00159
2034 0.08788 0.09965 0.00159
2035 0.08471 0.09605 0.00153
2036 0.08706 0.09872 0.00157
2037 0.08781 0.09957 0.00158
2038 0.08297 0.09408 0.00149
2039 0.08609 0.09762 0.00155
2040 0.08682 0.09845 0.00156
2041 0.08675 0.09838 0.00156
2042 0.08592 0.09743 0.00154
2043 0.08589 0.09740 0.00154
2044 0.08593 0.09745 0.00154
2045 0.08598 0.09750 0.00154
2046 0.08607 0.09761 0.00154
2047 0.08538 0.09683 0.00153
2048 0.08554 0.09701 0.00153
2049 0.08650 0.09810 0.00154
2050 0.08590 0.09742 0.00153
2051 0.08532 0.09676 0.00152
2052 0.08554 0.09701 0.00152
2053 0.08496 0.09636 0.00151
2054 0.08518 0.09661 0.00151
2055 0.08621 0.09778 0.00153
2056 0.08643 0.09803 0.00153
2057 0.08663 0.09826 0.00154
2058 0.08600 0.09754 0.00152
2059 0.08613 0.09769 0.00153
2060 0.08502 0.09644 0.00150
2061 0.07997 0.09071 0.00141
2062 0.08049 0.09130 0.00142
2063 0.07911 0.08974 0.00140
2064 0.07294 0.08274 0.00129
2065 0.07612 0.08634 0.00134
2066 0.07516 0.08526 0.00132
2067 0.07424 0.08422 0.00131
2068 0.07268 0.08244 0.00128
2069 0.07264 0.08240 0.00128
2070 0.06918 0.07848 0.00122
2071 0.07070 0.08020 0.00124
2072 0.06954 0.07889 0.00122
2073 0.06984 0.07923 0.00122
2074 0.06954 0.07889 0.00122
2075 0.06948 0.07883 0.00122
2076 0.06928 0.07860 0.00121
2077 0.06976 0.07914 0.00122
2078 0.07019 0.07963 0.00123
2079 0.06925 0.07857 0.00121
2080 0.07030 0.07976 0.00123
2081 0.06998 0.07940 0.00122
2082 0.07099 0.08055 0.00124
2083 0.07003 0.07946 0.00122
2084 0.07034 0.07981 0.00122
2085 0.07104 0.08060 0.00123
2086 0.07121 0.08080 0.00124
2087 0.07135 0.08096 0.00124
2088 0.07147 0.08110 0.00124
2089 0.07154 0.08118 0.00124
2090 0.07140 0.08101 0.00124
2091 0.07086 0.08041 0.00123
2092 0.06825 0.07744 0.00118
2093 0.07042 0.07991 0.00122
2094 0.07123 0.08083 0.00123
2095 0.06889 0.07817 0.00119
2096 0.07111 0.08069 0.00123
2097 0.07105 0.08063 0.00122
2098 0.07136 0.08098 0.00123
2099 0.07172 0.08139 0.00123
2100 0.07239 0.08215 0.00124
2101 0.07239 0.08216 0.00124
2102 0.07337 0.08327 0.00126
2103 0.07272 0.08253 0.00125
2104 0.07390 0.08388 0.00127
2105 0.07419 0.08420 0.00127
2106 0.07447 0.08452 0.00127
2107 0.07450 0.08455 0.00127
2108 0.07456 0.08462 0.00127
2109 0.07436 0.08440 0.00127
2110 0.07285 0.08268 0.00124
2111 0.07475 0.08484 0.00127
2112 0.07464 0.08472 0.00127
2113 0.07450 0.08456 0.00127
2114 0.07490 0.08501 0.00127
2115 0.07489 0.08500 0.00127
2116 0.07456 0.08464 0.00127
2117 0.07279 0.08263 0.00124
2118 0.07454 0.08461 0.00126
2119 0.07493 0.08506 0.00127
2120 0.07316 0.08304 0.00124
2121 0.07445 0.08451 0.00126
2122 0.07376 0.08372 0.00125
2123 0.07385 0.08384 0.00125
2124 0.07232 0.08210 0.00122
2125 0.07386 0.08384 0.00125
2126 0.07370 0.08367 0.00124
2127 0.07234 0.08212 0.00122
2128 0.07333 0.08325 0.00123
2129 0.07304 0.08292 0.00123
2130 0.07243 0.08223 0.00122
2131 0.07265 0.08248 0.00122
2132 0.07241 0.08221 0.00122
2133 0.07203 0.08178 0.00121
2134 0.07165 0.08135 0.00120
2135 0.07153 0.08121 0.00120
2136 0.06880 0.07812 0.00115
2137 0.07107 0.08069 0.00119
2138 0.07118 0.08082 0.00119
2139 0.07090 0.08050 0.00118
2140 0.07103 0.08065 0.00119
2141 0.07124 0.08089 0.00119
2142 0.07112 0.08076 0.00119
2143 0.07085 0.08045 0.00118
2144 0.07111 0.08074 0.00118
2145 0.07047 0.08002 0.00117
2146 0.06999 0.07948 0.00116
2147 0.07077 0.08036 0.00118
2148 0.07092 0.08053 0.00118
2149 0.07075 0.08034 0.00117
2150 0.07074 0.08033 0.00117
2151 0.07065 0.08023 0.00117
2152 0.07056 0.08013 0.00117
2153 0.06997 0.07946 0.00116
2154 0.06999 0.07949 0.00116
2155 0.06987 0.07935 0.00115
2156 0.06979 0.07926 0.00115
2157 0.06949 0.07892 0.00115
2158 0.06938 0.07879 0.00114
2159 0.06908 0.07845 0.00114
2160 0.06878 0.07812 0.00113
2161 0.06879 0.07813 0.00113
2162 0.06801 0.07724 0.00112
2163 0.06802 0.07726 0.00112
2164 0.06718 0.07630 0.00110
2165 0.06490 0.07372 0.00106
2166 0.05835 0.06627 0.00096
2167 0.06378 0.07244 0.00104
2168 0.06586 0.07480 0.00108
2169 0.06763 0.07682 0.00111
2170 0.06739 0.07655 0.00110
2171 0.06802 0.07726 0.00111
2172 0.06774 0.07695 0.00111
2173 0.06790 0.07713 0.00111
2174 0.06758 0.07677 0.00110
2175 0.06760 0.07678 0.00110
2176 0.06699 0.07609 0.00109
2177 0.06639 0.07541 0.00108
2178 0.06673 0.07580 0.00108
2179 0.06419 0.07291 0.00104
2180 0.06672 0.07580 0.00108
2181 0.06646 0.07549 0.00108
2182 0.06600 0.07498 0.00107
2183 0.06430 0.07305 0.00104
2184 0.06573 0.07467 0.00106
2185 0.06586 0.07482 0.00107
2186 0.06568 0.07462 0.00106
2187 0.06559 0.07451 0.00106
2188 0.06394 0.07264 0.00103
2189 0.06349 0.07213 0.00102
2190 0.06427 0.07302 0.00104
2191 0.06523 0.07411 0.00105
2192 0.06514 0.07400 0.00105
2193 0.06512 0.07398 0.00105
2194 0.06504 0.07390 0.00105
2195 0.06489 0.07372 0.00104
2196 0.06505 0.07391 0.00104
2197 0.06482 0.07365 0.00104
2198 0.06507 0.07394 0.00104
2199 0.06501 0.07386 0.00104
2200 0.06486 0.07369 0.00104
2201 0.06479 0.07362 0.00104
2202 0.06481 0.07364 0.00104
2203 0.06491 0.07376 0.00104
2204 0.06504 0.07390 0.00104
2205 0.06500 0.07386 0.00104
2206 0.06262 0.07115 0.00100
2207 0.06197 0.07042 0.00099
2208 0.06451 0.07331 0.00103
2209 0.06332 0.07196 0.00101
2210 0.06526 0.07416 0.00104
2211 0.06533 0.07424 0.00104
2212 0.06525 0.07414 0.00104
2213 0.06539 0.07431 0.00104
2214 0.06529 0.07420 0.00104
2215 0.06542 0.07434 0.00104
2216 0.06497 0.07383 0.00103
2217 0.06419 0.07294 0.00102
2218 0.06518 0.07408 0.00103
2219 0.06544 0.07437 0.00103
2220 0.06546 0.07439 0.00103
2221 0.06538 0.07430 0.00103
2222 0.06523 0.07413 0.00103
2223 0.06532 0.07423 0.00103
2224 0.06524 0.07415 0.00103
2225 0.06517 0.07406 0.00103
2226 0.06410 0.07285 0.00101
2227 0.06435 0.07313 0.00101
2228 0.06459 0.07342 0.00101
2229 0.06525 0.07417 0.00102
2230 0.06484 0.07370 0.00102
2231 0.06499 0.07387 0.00102
2232 0.06507 0.07396 0.00102
2233 0.06512 0.07402 0.00102
2234 0.06509 0.07398 0.00102
2235 0.06497 0.07384 0.00102
2236 0.06474 0.07359 0.00101
2237 0.06477 0.07362 0.00101
2238 0.06428 0.07307 0.00100
2239 0.06288 0.07148 0.00098
2240 0.06380 0.07253 0.00099
2241 0.06447 0.07329 0.00100
2242 0.06431 0.07310 0.00100
2243 0.06340 0.07207 0.00099
2244 0.06382 0.07255 0.00099
2245 0.06399 0.07274 0.00099
2246 0.06392 0.07266 0.00099
2247 0.06384 0.07257 0.00099
2248 0.06227 0.07079 0.00096
2249 0.06352 0.07221 0.00098
2250 0.06328 0.07194 0.00098
2251 0.06320 0.07185 0.00098
2252 0.06329 0.07196 0.00098
2253 0.06279 0.07139 0.00097
2254 0.06121 0.06959 0.00094
2255 0.06279 0.07139 0.00097
2256 0.06236 0.07090 0.00096
2257 0.06235 0.07089 0.00096
2258 0.06250 0.07106 0.00096
2259 0.06257 0.07114 0.00096
2260 0.06230 0.07083 0.00096
2261 0.06195 0.07044 0.00095
2262 0.06202 0.07051 0.00095
2263 0.05976 0.06795 0.00092
2264 0.06200 0.07049 0.00095
2265 0.06165 0.07010 0.00094
2266 0.06091 0.06925 0.00093
2267 0.06148 0.06991 0.00094
2268 0.06148 0.06991 0.00094
2269 0.06140 0.06982 0.00094
2270 0.06115 0.06954 0.00093
2271 0.06058 0.06889 0.00092
2272 0.06117 0.06955 0.00093
2273 0.06117 0.06956 0.00093
2274 0.06101 0.06938 0.00093
2275 0.06010 0.06834 0.00091
2276 0.06076 0.06909 0.00092
2277 0.06075 0.06908 0.00092
2278 0.06065 0.06897 0.00092
2279 0.06044 0.06874 0.00092
2280 0.06016 0.06841 0.00091
2281 0.05737 0.06524 0.00087
2282 0.05912 0.06723 0.00090
2283 0.05922 0.06735 0.00090
2284 0.05914 0.06725 0.00089
2285 0.05889 0.06697 0.00089
2286 0.05906 0.06717 0.00089
2287 0.05906 0.06717 0.00089
2288 0.05873 0.06680 0.00089
2289 0.05867 0.06672 0.00088
2290 0.05860 0.06665 0.00088
2291 0.05813 0.06612 0.00087
2292 0.05833 0.06634 0.00088
2293 0.05820 0.06620 0.00087
2294 0.05547 0.06309 0.00083
2295 0.05690 0.06472 0.00085
2296 0.05671 0.06450 0.00085
2297 0.05571 0.06336 0.00084
2298 0.05690 0.06472 0.00085
2299 0.05697 0.06479 0.00085
2300 0.05678 0.06459 0.00085
2301 0.05669 0.06449 0.00085
2302 0.05692 0.06474 0.00085
2303 0.05674 0.06454 0.00085
2304 0.05648 0.06424 0.00084
2305 0.05643 0.06419 0.00084
2306 0.05639 0.06414 0.00084
2307 0.05618 0.06391 0.00084
2308 0.05609 0.06380 0.00083
2309 0.05568 0.06334 0.00083
2310 0.05556 0.06320 0.00083
2311 0.05570 0.06336 0.00083
2312 0.05542 0.06305 0.00082
2313 0.05563 0.06329 0.00083
2314 0.05527 0.06288 0.00082
2315 0.05435 0.06182 0.00081
2316 0.05510 0.06268 0.00082
2317 0.05449 0.06199 0.00081
2318 0.05687 0.06470 0.00084
2319 0.05662 0.06441 0.00084
2320 0.05712 0.06498 0.00084
2321 0.05712 0.06499 0.00084
2322 0.05712 0.06499 0.00084
2323 0.05376 0.06116 0.00079
2324 0.05527 0.06288 0.00081
2325 0.05569 0.06336 0.00082
2326 0.05460 0.06212 0.00080
2327 0.05569 0.06336 0.00082
2328 0.05603 0.06375 0.00082
2329 0.05578 0.06346 0.00082
2330 0.05569 0.06337 0.00082
2331 0.05544 0.06308 0.00081
2332 0.05569 0.06337 0.00082
2333 0.05561 0.06327 0.00081
2334 0.05553 0.06318 0.00081
2335 0.05469 0.06222 0.00080
2336 0.05511 0.06270 0.00081
2337 0.05544 0.06309 0.00081
2338 0.05511 0.06270 0.00080
2339 0.05368 0.06108 0.00078
2340 0.05519 0.06280 0.00080
2341 0.05528 0.06290 0.00081
2342 0.05528 0.06290 0.00080
2343 0.05502 0.06261 0.00080
2344 0.05486 0.06242 0.00080
2345 0.05477 0.06233 0.00080
2346 0.05486 0.06242 0.00080
2347 0.05452 0.06204 0.00079
2348 0.05444 0.06195 0.00079
2349 0.05477 0.06233 0.00079
2350 0.05435 0.06185 0.00079
2351 0.05427 0.06176 0.00079
2352 0.05343 0.06080 0.00077
2353 0.05124 0.05832 0.00074
2354 0.05259 0.05985 0.00076
2355 0.05318 0.06052 0.00077
2356 0.05301 0.06033 0.00076
2357 0.05259 0.05985 0.00076
2358 0.05259 0.05985 0.00076
2359 0.05334 0.06071 0.00077
2360 0.05334 0.06071 0.00077
2361 0.05292 0.06023 0.00076
2362 0.05301 0.06033 0.00076
2363 0.05292 0.06023 0.00076
2364 0.05309 0.06043 0.00076
2365 0.05292 0.06024 0.00076
2366 0.05301 0.06033 0.00076
2367 0.05301 0.06033 0.00076
2368 0.05276 0.06005 0.00076
2369 0.05225 0.05947 0.00075
2370 0.05183 0.05900 0.00074
2371 0.05242 0.05967 0.00075
2372 0.05242 0.05967 0.00075
2373 0.05225 0.05948 0.00075
2374 0.04973 0.05661 0.00071
2375 0.05141 0.05852 0.00073
2376 0.05225 0.05948 0.00074
2377 0.05209 0.05929 0.00074
2378 0.05192 0.05910 0.00074
2379 0.05209 0.05929 0.00074
2380 0.05192 0.05910 0.00074
2381 0.05175 0.05891 0.00073
2382 0.05192 0.05910 0.00074
2383 0.04940 0.05623 0.00070
2384 0.04931 0.05614 0.00070
2385 0.04973 0.05661 0.00070
2386 0.05007 0.05700 0.00071
2387 0.04931 0.05614 0.00070
2388 0.05066 0.05767 0.00072
2389 0.05049 0.05748 0.00071
2390 0.05083 0.05786 0.00072
2391 0.05074 0.05777 0.00072
2392 0.05066 0.05767 0.00071
2393 0.05007 0.05700 0.00071
2394 0.05074 0.05777 0.00071
2395 0.05024 0.05719 0.00071
2396 0.05024 0.05719 0.00071
2397 0.05049 0.05748 0.00071
2398 0.05015 0.05710 0.00070
2399 0.05024 0.05720 0.00071
2400 0.04982 0.05672 0.00070
2401 0.04990 0.05681 0.00070
2402 0.05015 0.05710 0.00070
2403 0.04982 0.05672 0.00070
2404 0.04973 0.05663 0.00070
2405 0.05007 0.05701 0.00070
2406 0.04931 0.05615 0.00069
2407 0.04957 0.05644 0.00069
2408 0.04965 0.05653 0.00069
2409 0.04948 0.05634 0.00069
2410 0.04948 0.05634 0.00069
2411 0.04957 0.05644 0.00069
2412 0.04948 0.05634 0.00069
2413 0.04932 0.05615 0.00069
2414 0.04755 0.05414 0.00066
2415 0.04755 0.05414 0.00066
2416 0.04579 0.05214 0.00064
2417 0.04780 0.05443 0.00066
2418 0.04822 0.05491 0.00067
2419 0.04856 0.05529 0.00067
2420 0.04806 0.05472 0.00067
2421 0.04848 0.05520 0.00067
2422 0.04831 0.05501 0.00067
2423 0.04797 0.05463 0.00066
2424 0.04814 0.05482 0.00067
2425 0.04764 0.05425 0.00066
2426 0.04822 0.05492 0.00067
2427 0.04772 0.05434 0.00066
2428 0.04772 0.05434 0.00066
2429 0.04806 0.05473 0.00066
2430 0.04772 0.05434 0.00066
2431 0.04764 0.05425 0.00066
2432 0.04797 0.05463 0.00066
2433 0.04789 0.05454 0.00066
2434 0.04688 0.05339 0.00064
2435 0.04638 0.05282 0.00064
2436 0.04764 0.05425 0.00065
2437 0.04738 0.05396 0.00065
2438 0.04621 0.05263 0.00063
2439 0.04747 0.05406 0.00065
2440 0.04738 0.05397 0.00065
2441 0.04688 0.05339 0.00064
2442 0.04713 0.05368 0.00064
2443 0.04713 0.05368 0.00064
2444 0.04688 0.05339 0.00064
2445 0.04705 0.05359 0.00064
2446 0.04570 0.05206 0.00062
2447 0.04579 0.05215 0.00062
2448 0.04570 0.05206 0.00062
2449 0.04570 0.05206 0.00062
2450 0.04604 0.05244 0.00063
2451 0.04528 0.05158 0.00062
2452 0.04528 0.05158 0.00061
2453 0.04596 0.05235 0.00062
2454 0.04579 0.05216 0.00062
2455 0.04537 0.05168 0.00061
2456 0.04528 0.05158 0.00061
2457 0.04377 0.04986 0.00059
2458 0.04562 0.05197 0.00062
2459 0.04587 0.05225 0.00062
2460 0.04562 0.05197 0.00062
2461 0.04554 0.05187 0.00061
2462 0.04571 0.05206 0.00062
2463 0.04545 0.05178 0.00061
2464 0.04571 0.05206 0.00062
2465 0.04537 0.05168 0.00061
2466 0.04503 0.05130 0.00061
2467 0.04529 0.05159 0.00061
2468 0.04529 0.05159 0.00061
2469 0.04512 0.05140 0.00061
2470 0.04319 0.04920 0.00058
2471 0.04495 0.05121 0.00060
2472 0.04478 0.05102 0.00060
2473 0.04478 0.05102 0.00060
2474 0.04403 0.05016 0.00059
2475 0.04495 0.05121 0.00060
2476 0.04445 0.05063 0.00059
2477 0.04503 0.05131 0.00060
2478 0.04487 0.05111 0.00060
2479 0.04310 0.04910 0.00058
2480 0.04369 0.04978 0.00058
2481 0.04310 0.04911 0.00057
2482 0.04344 0.04949 0.00058
2483 0.04226 0.04815 0.00056
2484 0.04419 0.05035 0.00059
2485 0.04403 0.05016 0.00059
2486 0.04369 0.04978 0.00058
2487 0.04151 0.04729 0.00055
2488 0.04369 0.04978 0.00058
2489 0.04369 0.04978 0.00058
2490 0.04394 0.05007 0.00058
2491 0.04352 0.04959 0.00058
2492 0.04369 0.04978 0.00058
2493 0.04302 0.04902 0.00057
2494 0.04369 0.04978 0.00058
2495 0.04319 0.04921 0.00057
2496 0.04293 0.04892 0.00057
2497 0.04327 0.04930 0.00057
2498 0.04293 0.04892 0.00057
2499 0.04319 0.04921 0.00057
2500 0.04302 0.04902 0.00057
2501 0.04310 0.04911 0.00057
2502 0.04335 0.04940 0.00057
2503 0.04293 0.04892 0.00057
2504 0.04260 0.04854 0.00056
2505 0.04302 0.04902 0.00057
2506 0.04293 0.04893 0.00056
2507 0.04268 0.04864 0.00056
2508 0.04201 0.04787 0.00055
2509 0.04184 0.04768 0.00055
2510 0.04184 0.04768 0.00055
2511 0.04209 0.04797 0.00055
2512 0.04209 0.04797 0.00055
2513 0.04209 0.04797 0.00055
2514 0.04201 0.04788 0.00055
2515 0.04176 0.04759 0.00055
2516 0.04226 0.04816 0.00055
2517 0.04184 0.04769 0.00055
2518 0.04117 0.04692 0.00054
2519 0.04193 0.04778 0.00055
2520 0.04184 0.04769 0.00055
2521 0.04193 0.04778 0.00055
2522 0.04176 0.04759 0.00054
2523 0.04168 0.04750 0.00054
2524 0.04151 0.04731 0.00054
2525 0.04168 0.04750 0.00054
2526 0.04159 0.04740 0.00054
2527 0.04126 0.04702 0.00054
2528 0.04142 0.04721 0.00054
2529 0.04134 0.04712 0.00054
2530 0.04134 0.04712 0.00054
2531 0.04142 0.04721 0.00054
2532 0.04142 0.04721 0.00054
2533 0.04100 0.04673 0.00053
2534 0.04126 0.04702 0.00053
2535 0.04075 0.04645 0.00053
2536 0.04092 0.04664 0.00053
2537 0.04050 0.04616 0.00052
2538 0.04100 0.04674 0.00053
2539 0.04025 0.04588 0.00052
2540 0.04025 0.04588 0.00052
2541 0.04042 0.04607 0.00052
2542 0.03874 0.04415 0.00050
2543 0.04025 0.04588 0.00052
2544 0.04033 0.04597 0.00052
2545 0.04058 0.04626 0.00052
2546 0.04058 0.04626 0.00052
2547 0.03949 0.04502 0.00051
2548 0.03974 0.04530 0.00051
2549 0.04033 0.04598 0.00052
2550 0.04000 0.04559 0.00051
2551 0.03949 0.04502 0.00051
2552 0.03991 0.04550 0.00051
2553 0.03932 0.04483 0.00050
2554 0.04000 0.04559 0.00051
2555 0.03983 0.04540 0.00051
2556 0.03941 0.04492 0.00050
2557 0.03874 0.04416 0.00049
2558 0.03966 0.04521 0.00051
2559 0.03966 0.04521 0.00050
2560 0.03890 0.04435 0.00049
2561 0.03932 0.04483 0.00050
2562 0.03924 0.04474 0.00050
2563 0.03941 0.04493 0.00050
2564 0.03932 0.04483 0.00050
2565 0.03874 0.04416 0.00049
2566 0.03899 0.04445 0.00049
2567 0.03806 0.04340 0.00048
2568 0.03924 0.04474 0.00050
2569 0.03882 0.04426 0.00049
2570 0.03882 0.04426 0.00049
2571 0.03882 0.04426 0.00049
2572 0.03899 0.04445 0.00049
2573 0.03890 0.04436 0.00049
2574 0.03865 0.04407 0.00049
2575 0.03857 0.04397 0.00049
2576 0.03899 0.04445 0.00049
2577 0.03890 0.04436 0.00049
2578 0.03840 0.04378 0.00048
2579 0.03874 0.04417 0.00049
2580 0.03848 0.04388 0.00048
2581 0.03832 0.04369 0.00048
2582 0.03781 0.04311 0.00047
2583 0.03773 0.04302 0.00047
2584 0.03748 0.04273 0.00047
2585 0.03706 0.04225 0.00046
2586 0.03563 0.04062 0.00045
2587 0.03815 0.04350 0.00048
2588 0.03798 0.04331 0.00048
2589 0.03790 0.04321 0.00047
2590 0.03773 0.04302 0.00047
2591 0.03781 0.04312 0.00047
2592 0.03790 0.04321 0.00047
2593 0.03706 0.04226 0.00046
2594 0.03773 0.04302 0.00047
2595 0.03756 0.04283 0.00047
2596 0.03764 0.04293 0.00047
2597 0.03697 0.04216 0.00046
2598 0.03756 0.04283 0.00047
2599 0.03756 0.04283 0.00047
2600 0.03689 0.04207 0.00046
