Wavelength Global Direct Diffuse
300 0.00000 0.00000 0.00000
301 0.00000 0.00000 0.00000
302 0.00000 0.00000 0.00000
303 0.00000 0.00000 0.00000
304 0.00000 0.00000 0.00000
305 0.00001 0.00000 0.00001
306 0.00002 0.00000 0.00002
307 0.00005 0.00000 0.00005
308 0.00011 0.00000 0.00011
309 0.00020 0.00000 0.00020
310 0.00042 0.00000 0.00042
311 0.00102 0.00001 0.00101
312 0.00131 0.00002 0.00131
313 0.00237 0.00003 0.00237
314 0.00278 0.00004 0.00277
315 0.00485 0.00007 0.00483
316 0.00420 0.00007 0.00419
317 0.00739 0.00013 0.00736
318 0.00789 0.00015 0.00786
319 0.01267 0.00026 0.01263
320 0.00944 0.00021 0.00941
321 0.01899 0.00045 0.01891
322 0.01314 0.00033 0.01308
323 0.01401 0.00038 0.01394
324 0.02306 0.00067 0.02294
325 0.02038 0.00063 0.02027
326 0.03664 0.00121 0.03643
327 0.03858 0.00135 0.03835
328 0.02713 0.00101 0.02695
329 0.04244 0.00168 0.04215
330 0.04575 0.00192 0.04541
331 0.03252 0.00145 0.03227
332 0.04250 0.00200 0.04215
333 0.04883 0.00243 0.04841
334 0.03949 0.00208 0.03913
335 0.04654 0.00259 0.04609
336 0.03573 0.00210 0.03536
337 0.03276 0.00203 0.03241
338 0.04215 0.00274 0.04168
339 0.04392 0.00301 0.04340
340 0.04837 0.00348 0.04777
341 0.04271 0.00323 0.04215
342 0.04574 0.00363 0.04511
343 0.04633 0.00386 0.04566
344 0.04097 0.00357 0.04035
345 0.05464 0.00499 0.05377
346 0.06161 0.00589 0.06058
347 0.05906 0.00590 0.05803
348 0.05643 0.00590 0.05541
349 0.06277 0.00685 0.06158
350 0.06496 0.00740 0.06368
351 0.06138 0.00729 0.06012
352 0.06414 0.00794 0.06276
353 0.05884 0.00758 0.05753
354 0.06858 0.00920 0.06698
355 0.07025 0.00980 0.06855
356 0.06723 0.00975 0.06553
357 0.04330 0.00653 0.04217
358 0.04756 0.00744 0.04627
359 0.04832 0.00785 0.04696
360 0.07221 0.01217 0.07010
361 0.05781 0.01010 0.05605
362 0.06399 0.01158 0.06198
363 0.06877 0.01289 0.06653
364 0.06862 0.01331 0.06631
365 0.06532 0.01311 0.06305
366 0.09043 0.01876 0.08717
367 0.08149 0.01747 0.07845
368 0.07755 0.01718 0.07456
369 0.07484 0.01712 0.07186
370 0.08702 0.02054 0.08345
371 0.06994 0.01703 0.06698
372 0.07434 0.01866 0.07110
373 0.07482 0.01936 0.07146
374 0.05844 0.01558 0.05574
375 0.05391 0.01480 0.05134
376 0.07760 0.02193 0.07380
377 0.08013 0.02330 0.07608
378 0.10454 0.03126 0.09911
379 0.08113 0.02494 0.07680
380 0.07678 0.02426 0.07257
381 0.08629 0.02801 0.08143
382 0.06483 0.02161 0.06108
383 0.04536 0.01552 0.04267
384 0.05016 0.01761 0.04711
385 0.07555 0.02721 0.07082
386 0.05915 0.02185 0.05535
387 0.06815 0.02580 0.06366
388 0.06782 0.02631 0.06325
389 0.07732 0.03073 0.07198
390 0.09464 0.03852 0.08795
391 0.10550 0.04397 0.09787
392 0.09423 0.04019 0.08725
393 0.05073 0.02214 0.04689
394 0.05627 0.02511 0.05191
395 0.09505 0.04338 0.08752
396 0.09784 0.04564 0.08992
397 0.03988 0.01901 0.03658
398 0.11194 0.05451 0.10248
399 0.13489 0.06709 0.12324
400 0.13251 0.06730 0.12083
401 0.13243 0.06865 0.12051
402 0.14018 0.07415 0.12730
403 0.13146 0.07095 0.11914
404 0.14163 0.07797 0.12810
405 0.13043 0.07321 0.11772
406 0.12950 0.07410 0.11663
407 0.12614 0.07357 0.11336
408 0.13727 0.08157 0.12310
409 0.15175 0.09187 0.13579
410 0.12722 0.07844 0.11360
411 0.14993 0.09413 0.13358
412 0.15473 0.09889 0.13756
413 0.14634 0.09519 0.12981
414 0.14451 0.09565 0.12790
415 0.15434 0.10392 0.13629
416 0.15334 0.10502 0.13510
417 0.14896 0.10374 0.13094
418 0.14537 0.10294 0.12750
419 0.14939 0.10753 0.13072
420 0.12701 0.09291 0.11088
421 0.15921 0.11833 0.13866
422 0.15213 0.11486 0.13218
423 0.12859 0.09861 0.11146
424 0.14210 0.11067 0.12289
425 0.14702 0.11625 0.12684
426 0.14153 0.11360 0.12181
427 0.13599 0.11078 0.11675
428 0.13832 0.11435 0.11847
429 0.12563 0.10537 0.10733
430 0.10038 0.08541 0.08555
431 0.09096 0.07849 0.07733
432 0.16292 0.14257 0.13817
433 0.14557 0.12915 0.12314
434 0.13890 0.12493 0.11721
435 0.15119 0.13783 0.12725
436 0.16715 0.15442 0.14033
437 0.16954 0.15871 0.14198
438 0.15181 0.14398 0.12681
439 0.14682 0.14105 0.12232
440 0.16479 0.16034 0.13695
441 0.16443 0.16202 0.13630
442 0.17333 0.17293 0.14330
443 0.17485 0.17660 0.14418
444 0.17357 0.17746 0.14276
445 0.18351 0.18989 0.15054
446 0.16348 0.17118 0.13376
447 0.18667 0.19778 0.15233
448 0.18920 0.20280 0.15399
449 0.19081 0.20688 0.15488
450 0.19526 0.21413 0.15808
451 0.21117 0.23420 0.17050
452 0.19652 0.22039 0.15825
453 0.18271 0.20717 0.14674
454 0.19487 0.22337 0.15608
455 0.19644 0.22761 0.15692
456 0.20165 0.23614 0.16064
457 0.20297 0.24020 0.16126
458 0.19944 0.23850 0.15803
459 0.19882 0.24021 0.15710
460 0.19720 0.24069 0.15540
461 0.20471 0.25239 0.16088
462 0.20146 0.25087 0.15789
463 0.20213 0.25420 0.15799
464 0.20279 0.25753 0.15807
465 0.20046 0.25705 0.15583
466 0.20695 0.26791 0.16042
467 0.19948 0.26071 0.15421
468 0.21098 0.27833 0.16265
469 0.20951 0.27895 0.16107
470 0.20700 0.27815 0.15870
471 0.20654 0.28005 0.15791
472 0.21011 0.28746 0.16019
473 0.20761 0.28658 0.15785
474 0.21017 0.29268 0.15935
475 0.21885 0.30743 0.16547
476 0.21280 0.30151 0.16044
477 0.21080 0.30124 0.15849
478 0.22000 0.31705 0.16494
479 0.20984 0.30495 0.15689
480 0.21293 0.31201 0.15875
481 0.21135 0.31223 0.15713
482 0.21589 0.32153 0.16005
483 0.21634 0.32480 0.15994
484 0.20754 0.31408 0.15300
485 0.20901 0.31880 0.15365
486 0.17035 0.26186 0.12488
487 0.19153 0.29669 0.14001
488 0.20762 0.32410 0.15134
489 0.19362 0.30452 0.14074
490 0.22023 0.34899 0.15963
491 0.20599 0.32885 0.14889
492 0.19799 0.31840 0.14270
493 0.21304 0.34511 0.15311
494 0.20605 0.33620 0.14767
495 0.22116 0.36344 0.15805
496 0.21480 0.35549 0.15307
497 0.20844 0.34738 0.14812
498 0.20311 0.34086 0.14392
499 0.20199 0.34131 0.14272
500 0.20086 0.34172 0.14152
501 0.19640 0.33639 0.13799
502 0.19500 0.33623 0.13661
503 0.20626 0.35800 0.14409
504 0.19125 0.33413 0.13323
505 0.20560 0.36154 0.14282
506 0.22082 0.39081 0.15296
507 0.20569 0.36636 0.14207
508 0.19670 0.35256 0.13547
509 0.21306 0.38428 0.14633
510 0.20623 0.37428 0.14124
511 0.20660 0.37726 0.14109
512 0.21747 0.39954 0.14810
513 0.19863 0.36713 0.13488
514 0.19463 0.36189 0.13179
515 0.19816 0.37064 0.13380
516 0.20887 0.39298 0.14063
517 0.15357 0.29062 0.10311
518 0.18997 0.36158 0.12719
519 0.18050 0.34551 0.12050
520 0.19870 0.38252 0.13228
521 0.19847 0.38422 0.13175
522 0.20570 0.40043 0.13616
523 0.19161 0.37508 0.12648
524 0.20733 0.40807 0.13647
525 0.20495 0.40558 0.13452
526 0.19488 0.38772 0.12755
527 0.17015 0.34032 0.11105
528 0.20342 0.40903 0.13239
529 0.20813 0.42070 0.13508
530 0.19604 0.39833 0.12688
531 0.21388 0.43681 0.13803
532 0.20341 0.41755 0.13091
533 0.17931 0.36993 0.11507
534 0.19390 0.40206 0.12409
535 0.19810 0.41281 0.12642
536 0.20993 0.43961 0.13359
537 0.19559 0.41161 0.12412
538 0.20429 0.43199 0.12927
539 0.20351 0.43242 0.12842
540 0.19956 0.42606 0.12558
541 0.18258 0.39164 0.11457
542 0.20367 0.43894 0.12745
543 0.19512 0.42247 0.12176
544 0.20555 0.44712 0.12791
545 0.20228 0.44201 0.12552
546 0.19708 0.43260 0.12196
547 0.20548 0.45309 0.12680
548 0.19079 0.42258 0.11741
549 0.20025 0.44549 0.12289
550 0.19609 0.43816 0.12001
551 0.19500 0.43763 0.11901
552 0.20340 0.45844 0.12379
553 0.19493 0.44124 0.11831
554 0.20226 0.45979 0.12242
555 0.20222 0.46163 0.12205
556 0.19690 0.45138 0.11852
557 0.19063 0.43882 0.11443
558 0.19795 0.45755 0.11850
559 0.18735 0.43481 0.11184
560 0.18840 0.43905 0.11216
561 0.20638 0.48286 0.12253
562 0.18871 0.44330 0.11173
563 0.19618 0.46268 0.11584
564 0.19301 0.45700 0.11366
565 0.19364 0.46026 0.11371
566 0.17707 0.42252 0.10370
567 0.18900 0.45271 0.11038
568 0.18736 0.45050 0.10913
569 0.18381 0.44363 0.10677
570 0.18398 0.44571 0.10658
571 0.17591 0.42776 0.10163
572 0.18774 0.45821 0.10817
573 0.18909 0.46321 0.10866
574 0.18864 0.46378 0.10810
575 0.18523 0.45704 0.10586
576 0.18228 0.45137 0.10390
577 0.19174 0.47652 0.10900
578 0.18702 0.46641 0.10602
579 0.18618 0.46595 0.10527
580 0.19346 0.48587 0.10909
581 0.19018 0.47927 0.10695
582 0.19399 0.49055 0.10880
583 0.19541 0.49583 0.10931
584 0.19409 0.49416 0.10828
585 0.19162 0.48950 0.10662
586 0.18041 0.46241 0.10012
587 0.18360 0.47215 0.10162
588 0.17909 0.46204 0.09885
589 0.15709 0.40661 0.08648
590 0.16239 0.42170 0.08916
591 0.16926 0.44096 0.09269
592 0.16602 0.43390 0.09068
593 0.16673 0.43713 0.09082
594 0.16947 0.44570 0.09207
595 0.16831 0.44405 0.09120
596 0.17189 0.45488 0.09290
597 0.17482 0.46408 0.09423
598 0.17340 0.46172 0.09322
599 0.17620 0.47061 0.09448
600 0.17812 0.47717 0.09526
601 0.18019 0.48415 0.09612
602 0.18093 0.48758 0.09626
603 0.18413 0.49767 0.09771
604 0.19110 0.51804 0.10115
605 0.19136 0.52025 0.10102
606 0.19025 0.51873 0.10017
607 0.19004 0.51965 0.09980
608 0.18972 0.52026 0.09938
609 0.18825 0.51770 0.09836
610 0.18675 0.51500 0.09732
611 0.18966 0.52450 0.09858
612 0.18821 0.52194 0.09758
613 0.18565 0.51626 0.09600
614 0.17976 0.50124 0.09272
615 0.18931 0.52931 0.09740
616 0.18004 0.50476 0.09239
617 0.18185 0.51121 0.09308
618 0.19152 0.53980 0.09778
619 0.19000 0.53696 0.09676
620 0.19412 0.55004 0.09861
621 0.19826 0.56325 0.10046
622 0.18756 0.53424 0.09479
623 0.19039 0.54369 0.09598
624 0.19074 0.54610 0.09592
625 0.18521 0.53160 0.09290
626 0.18126 0.52157 0.09069
627 0.18569 0.53567 0.09267
628 0.18469 0.53414 0.09194
629 0.18805 0.54520 0.09338
630 0.18347 0.53321 0.09087
631 0.19090 0.55618 0.09432
632 0.18015 0.52614 0.08879
633 0.19315 0.56546 0.09496
634 0.18867 0.55368 0.09252
635 0.19300 0.56774 0.09441
636 0.18578 0.54779 0.09065
637 0.19267 0.56946 0.09379
638 0.19707 0.58384 0.09569
639 0.19556 0.58070 0.09472
640 0.19038 0.56662 0.09198
641 0.19324 0.57645 0.09314
642 0.19092 0.57084 0.09179
643 0.19249 0.57685 0.09232
644 0.18949 0.56915 0.09066
645 0.18802 0.56598 0.08973
646 0.17951 0.54159 0.08547
647 0.18064 0.54621 0.08580
648 0.18002 0.54552 0.08529
649 0.18238 0.55387 0.08620
650 0.16800 0.51132 0.07921
651 0.18322 0.55885 0.08618
652 0.18239 0.55752 0.08558
653 0.18673 0.57201 0.08740
654 0.18571 0.57009 0.08672
655 0.18195 0.55972 0.08476
656 0.15496 0.47769 0.07201
657 0.16746 0.51731 0.07763
658 0.18744 0.58024 0.08669
659 0.18978 0.58866 0.08755
660 0.19349 0.60142 0.08906
661 0.19683 0.61305 0.09038
662 0.20097 0.62721 0.09206
663 0.19974 0.62462 0.09128
664 0.19697 0.61719 0.08980
665 0.19901 0.62484 0.09051
666 0.20106 0.63249 0.09122
667 0.19787 0.62369 0.08957
668 0.19976 0.63088 0.09021
669 0.20299 0.64232 0.09145
670 0.20096 0.63713 0.09032
671 0.19886 0.63169 0.08917
672 0.19934 0.63443 0.08917
673 0.20110 0.64125 0.08975
674 0.20164 0.64417 0.08978
675 0.19943 0.63830 0.08859
676 0.20247 0.64926 0.08973
677 0.19886 0.63886 0.08793
678 0.20315 0.65384 0.08961
679 0.20083 0.64755 0.08838
680 0.19832 0.64063 0.08708
681 0.19966 0.64613 0.08746
682 0.19832 0.64295 0.08667
683 0.19978 0.64883 0.08711
684 0.19722 0.64169 0.08580
685 0.19879 0.64794 0.08628
686 0.18670 0.60960 0.08084
687 0.15343 0.50185 0.06629
688 0.14857 0.48678 0.06404
689 0.16295 0.53485 0.07008
690 0.16094 0.52914 0.06905
691 0.16806 0.55352 0.07195
692 0.16851 0.55594 0.07197
693 0.16974 0.56094 0.07233
694 0.16993 0.56253 0.07225
695 0.16584 0.54991 0.07035
696 0.16709 0.55496 0.07072
697 0.16806 0.55911 0.07097
698 0.16481 0.54920 0.06944
699 0.16882 0.56350 0.07097
700 0.16648 0.55661 0.06983
701 0.16320 0.54652 0.06830
702 0.16270 0.54571 0.06793
703 0.16574 0.55682 0.06905
704 0.16932 0.56976 0.07039
705 0.17225 0.58052 0.07144
706 0.17132 0.57832 0.07090
707 0.17025 0.57559 0.07030
708 0.17649 0.59762 0.07271
709 0.17181 0.58268 0.07063
710 0.17693 0.60099 0.07257
711 0.17684 0.60159 0.07237
712 0.17465 0.59505 0.07132
713 0.17107 0.58374 0.06970
714 0.16926 0.57845 0.06881
715 0.15501 0.53053 0.06288
716 0.14717 0.50446 0.05957
717 0.13232 0.45425 0.05344
718 0.12401 0.42635 0.04998
719 0.11787 0.40582 0.04740
720 0.11762 0.40556 0.04719
721 0.12036 0.41562 0.04819
722 0.12516 0.43283 0.05000
723 0.12683 0.43924 0.05056
724 0.12708 0.44074 0.05055
725 0.12554 0.43601 0.04982
726 0.12306 0.42803 0.04874
727 0.12383 0.43129 0.04893
728 0.12287 0.42858 0.04845
729 0.12154 0.42453 0.04782
730 0.12935 0.45244 0.05079
731 0.13284 0.46528 0.05204
732 0.14158 0.49659 0.05535
733 0.14621 0.51353 0.05704
734 0.15541 0.54658 0.06049
735 0.15895 0.55981 0.06174
736 0.15876 0.55989 0.06154
737 0.16421 0.57990 0.06351
738 0.16736 0.59180 0.06459
739 0.16423 0.58153 0.06325
740 0.16927 0.60015 0.06505
741 0.17172 0.60963 0.06585
742 0.17213 0.61190 0.06587
743 0.18023 0.64153 0.06883
744 0.18380 0.65510 0.07004
745 0.18118 0.64660 0.06890
746 0.18375 0.65663 0.06973
747 0.18750 0.67089 0.07100
748 0.18524 0.66363 0.07000
749 0.18567 0.66604 0.07002
750 0.18310 0.65763 0.06890
751 0.18339 0.65949 0.06887
752 0.18658 0.67183 0.06992
753 0.18392 0.66308 0.06878
754 0.18707 0.67528 0.06981
755 0.18729 0.67689 0.06975
756 0.18306 0.66242 0.06803
757 0.18457 0.66870 0.06845
758 0.18223 0.66103 0.06745
759 0.11325 0.41131 0.04183
760 0.04937 0.17953 0.01820
761 0.03661 0.13327 0.01346
762 0.05637 0.20547 0.02069
763 0.07045 0.25710 0.02581
764 0.07228 0.26408 0.02642
765 0.09812 0.35889 0.03579
766 0.11569 0.42366 0.04212
767 0.13791 0.50565 0.05011
768 0.16232 0.59582 0.05885
769 0.17094 0.62818 0.06185
770 0.17429 0.64126 0.06294
771 0.17685 0.65141 0.06373
772 0.17795 0.65620 0.06400
773 0.17687 0.65296 0.06348
774 0.18007 0.66554 0.06450
775 0.17288 0.63967 0.06180
776 0.18041 0.66828 0.06436
777 0.17898 0.66371 0.06372
778 0.17753 0.65907 0.06308
779 0.17902 0.66535 0.06348
780 0.17608 0.65515 0.06232
781 0.17611 0.65597 0.06220
782 0.17751 0.66192 0.06257
783 0.17413 0.65002 0.06126
784 0.17329 0.64758 0.06084
785 0.17324 0.64809 0.06070
786 0.16815 0.62971 0.05880
787 0.16831 0.63096 0.05874
788 0.16281 0.61100 0.05671
789 0.16185 0.60805 0.05626
790 0.15919 0.59868 0.05523
791 0.15776 0.59393 0.05463
792 0.15552 0.58610 0.05374
793 0.15623 0.58941 0.05388
794 0.15574 0.58813 0.05361
795 0.15459 0.58441 0.05311
796 0.15818 0.59860 0.05424
797 0.15757 0.59688 0.05392
798 0.15706 0.59558 0.05364
799 0.15620 0.59292 0.05324
800 0.15142 0.57532 0.05151
801 0.15396 0.58559 0.05228
802 0.15427 0.58736 0.05228
803 0.15226 0.58025 0.05150
804 0.15496 0.59116 0.05231
805 0.15245 0.58212 0.05136
806 0.15786 0.60339 0.05308
807 0.15696 0.60052 0.05268
808 0.15638 0.59890 0.05238
809 0.15192 0.58238 0.05079
810 0.14767 0.56661 0.04927
811 0.14637 0.56218 0.04875
812 0.14126 0.54307 0.04696
813 0.13536 0.52087 0.04491
814 0.12915 0.49747 0.04277
815 0.12230 0.47153 0.04042
816 0.11794 0.45512 0.03890
817 0.11625 0.44905 0.03828
818 0.11676 0.45141 0.03837
819 0.11367 0.43989 0.03728
820 0.11368 0.44034 0.03722
821 0.11973 0.46419 0.03912
822 0.11782 0.45720 0.03843
823 0.12212 0.47432 0.03975
824 0.12577 0.48895 0.04086
825 0.12681 0.49344 0.04113
826 0.12916 0.50303 0.04181
827 0.12908 0.50318 0.04170
828 0.13104 0.51128 0.04226
829 0.12979 0.50686 0.04178
830 0.12894 0.50397 0.04143
831 0.12780 0.49996 0.04098
832 0.13216 0.51745 0.04230
833 0.12948 0.50740 0.04137
834 0.13431 0.52680 0.04283
835 0.13640 0.53545 0.04342
836 0.13934 0.54748 0.04427
837 0.13938 0.54811 0.04420
838 0.14058 0.55333 0.04450
839 0.13770 0.54242 0.04351
840 0.14303 0.56390 0.04511
841 0.14446 0.57004 0.04548
842 0.14476 0.57170 0.04549
843 0.14522 0.57402 0.04555
844 0.14551 0.57562 0.04555
845 0.14840 0.58756 0.04637
846 0.15104 0.59851 0.04711
847 0.14621 0.57985 0.04552
848 0.15022 0.59622 0.04668
849 0.15144 0.60157 0.04698
850 0.13015 0.51743 0.04030
851 0.15040 0.59842 0.04649
852 0.14420 0.57422 0.04449
853 0.14607 0.58215 0.04499
854 0.11804 0.47078 0.03628
855 0.13048 0.52085 0.04004
856 0.14876 0.59426 0.04556
857 0.15274 0.61065 0.04670
858 0.15036 0.60161 0.04589
859 0.15092 0.60433 0.04598
860 0.14992 0.60082 0.04559
861 0.15030 0.60282 0.04562
862 0.15010 0.60249 0.04548
863 0.15306 0.61484 0.04630
864 0.15288 0.61458 0.04616
865 0.15020 0.60428 0.04527
866 0.12602 0.50740 0.03791
867 0.13425 0.54095 0.04032
868 0.14557 0.58700 0.04364
869 0.14359 0.57947 0.04297
870 0.14949 0.60371 0.04465
871 0.14935 0.60362 0.04454
872 0.14874 0.60160 0.04427
873 0.14935 0.60450 0.04438
874 0.14606 0.59162 0.04332
875 0.14459 0.58611 0.04281
876 0.14570 0.59106 0.04306
877 0.14846 0.60269 0.04380
878 0.14577 0.59221 0.04293
879 0.14599 0.59353 0.04292
880 0.14499 0.58988 0.04255
881 0.13724 0.55880 0.04021
882 0.14464 0.58932 0.04230
883 0.14102 0.57499 0.04117
884 0.14197 0.57931 0.04138
885 0.14322 0.58481 0.04167
886 0.13855 0.56612 0.04024
887 0.13682 0.55947 0.03967
888 0.14055 0.57514 0.04068
889 0.14069 0.57611 0.04065
890 0.13881 0.56881 0.04004
891 0.13556 0.55589 0.03903
892 0.13110 0.53795 0.03768
893 0.12090 0.49647 0.03469
894 0.11748 0.48273 0.03365
895 0.10385 0.42705 0.02970
896 0.09874 0.40628 0.02819
897 0.08809 0.36273 0.02510
898 0.08115 0.33437 0.02309
899 0.07600 0.31336 0.02158
900 0.07180 0.29627 0.02036
901 0.07086 0.29255 0.02005
902 0.07224 0.29847 0.02041
903 0.08003 0.33089 0.02258
904 0.08493 0.35136 0.02392
905 0.08639 0.35764 0.02429
906 0.08278 0.34293 0.02323
907 0.08085 0.33515 0.02265
908 0.07485 0.31050 0.02094
909 0.06982 0.28981 0.01950
910 0.06800 0.28245 0.01896
911 0.06664 0.27696 0.01854
912 0.06636 0.27598 0.01844
913 0.06764 0.28148 0.01876
914 0.06761 0.28155 0.01872
915 0.06790 0.28294 0.01877
916 0.07102 0.29613 0.01960
917 0.07338 0.30615 0.02021
918 0.07753 0.32370 0.02132
919 0.08354 0.34900 0.02294
920 0.08674 0.36259 0.02378
921 0.08738 0.36551 0.02391
922 0.08771 0.36712 0.02396
923 0.08359 0.35006 0.02280
924 0.08463 0.35466 0.02304
925 0.08218 0.34461 0.02234
926 0.07444 0.31235 0.02020
927 0.07010 0.29430 0.01899
928 0.06162 0.25887 0.01667
929 0.05105 0.21458 0.01379
930 0.04022 0.16916 0.01084
931 0.03029 0.12747 0.00815
932 0.02197 0.09253 0.00590
933 0.01601 0.06745 0.00429
934 0.01191 0.05024 0.00319
935 0.01031 0.04349 0.00276
936 0.01095 0.04622 0.00292
937 0.01387 0.05860 0.00370
938 0.01799 0.07602 0.00479
939 0.02315 0.09788 0.00615
940 0.02694 0.11400 0.00715
941 0.02763 0.11699 0.00732
942 0.02562 0.10855 0.00677
943 0.02466 0.10455 0.00651
944 0.02178 0.09236 0.00574
945 0.02073 0.08795 0.00545
946 0.02095 0.08895 0.00550
947 0.02201 0.09352 0.00577
948 0.02397 0.10191 0.00628
949 0.02566 0.10914 0.00671
950 0.02700 0.11491 0.00705
951 0.02825 0.12030 0.00736
952 0.02907 0.12387 0.00756
953 0.02977 0.12693 0.00773
954 0.03113 0.13278 0.00807
955 0.03079 0.13140 0.00797
956 0.03495 0.14924 0.00903
957 0.03758 0.16057 0.00970
958 0.04053 0.17327 0.01044
959 0.04248 0.18169 0.01093
960 0.04354 0.18633 0.01118
961 0.04449 0.19052 0.01141
962 0.04611 0.19756 0.01181
963 0.04787 0.20519 0.01224
964 0.05050 0.21658 0.01289
965 0.05548 0.23809 0.01414
966 0.05899 0.25330 0.01501
967 0.06702 0.28792 0.01702
968 0.07263 0.31220 0.01842
969 0.07858 0.33796 0.01990
970 0.08243 0.35469 0.02084
971 0.08301 0.35736 0.02095
972 0.08279 0.35660 0.02086
973 0.07999 0.34474 0.02013
974 0.07676 0.33101 0.01928
975 0.07602 0.32796 0.01907
976 0.07738 0.33402 0.01938
977 0.07728 0.33378 0.01932
978 0.08171 0.35306 0.02040
979 0.08238 0.35616 0.02054
980 0.08699 0.37629 0.02165
981 0.09098 0.39373 0.02261
982 0.09389 0.40655 0.02330
983 0.09712 0.42074 0.02406
984 0.10010 0.43389 0.02476
985 0.10354 0.44902 0.02557
986 0.10560 0.45816 0.02604
987 0.10946 0.47518 0.02695
988 0.10995 0.47754 0.02703
989 0.10986 0.47736 0.02696
990 0.11166 0.48542 0.02736
991 0.11337 0.49313 0.02774
992 0.11307 0.49205 0.02762
993 0.11377 0.49537 0.02775
994 0.11503 0.50107 0.02802
995 0.11453 0.49914 0.02785
996 0.11470 0.50014 0.02785
997 0.11477 0.50071 0.02783
998 0.11394 0.49731 0.02758
999 0.11307 0.49375 0.02733
1000 0.11155 0.48734 0.02692
1001 0.11171 0.48830 0.02692
1002 0.11111 0.48588 0.02673
1003 0.10959 0.47949 0.02633
1004 0.10866 0.47566 0.02607
1005 0.10131 0.44368 0.02427
1006 0.10653 0.46674 0.02548
1007 0.10821 0.47435 0.02584
1008 0.10830 0.47496 0.02582
1009 0.10749 0.47164 0.02559
1010 0.10816 0.47480 0.02571
1011 0.10800 0.47431 0.02564
1012 0.10873 0.47775 0.02577
1013 0.10876 0.47808 0.02574
1014 0.11006 0.48403 0.02601
1015 0.10847 0.47729 0.02559
1016 0.10943 0.48173 0.02578
1017 0.10829 0.47690 0.02547
1018 0.10981 0.48385 0.02579
1019 0.10720 0.47255 0.02514
1020 0.10668 0.47045 0.02498
1021 0.10755 0.47450 0.02515
1022 0.10581 0.46704 0.02471
1023 0.10763 0.47531 0.02509
1024 0.10717 0.47350 0.02495
1025 0.10722 0.47394 0.02493
1026 0.10767 0.47611 0.02499
1027 0.10742 0.47522 0.02490
1028 0.10803 0.47813 0.02500
1029 0.10682 0.47297 0.02468
1030 0.10839 0.48018 0.02501
1031 0.10839 0.48037 0.02497
1032 0.10850 0.48108 0.02496
1033 0.10681 0.47376 0.02454
1034 0.10818 0.48009 0.02482
1035 0.10726 0.47618 0.02457
1036 0.10882 0.48332 0.02489
1037 0.10653 0.47337 0.02433
1038 0.10772 0.47886 0.02457
1039 0.10825 0.48142 0.02465
1040 0.10693 0.47575 0.02432
1041 0.10758 0.47886 0.02443
1042 0.10792 0.48058 0.02447
1043 0.10604 0.47238 0.02401
1044 0.10715 0.47755 0.02423
1045 0.10664 0.47550 0.02408
1046 0.10359 0.46206 0.02335
1047 0.10550 0.47077 0.02375
1048 0.10664 0.47609 0.02397
1049 0.10604 0.47359 0.02380
1050 0.10537 0.47079 0.02362
1051 0.10532 0.47076 0.02357
1052 0.10496 0.46934 0.02346
1053 0.10488 0.46921 0.02341
1054 0.10372 0.46419 0.02311
1055 0.10459 0.46828 0.02327
1056 0.10396 0.46565 0.02310
1057 0.10351 0.46384 0.02297
1058 0.10236 0.45885 0.02268
1059 0.09917 0.44475 0.02194
1060 0.10270 0.46077 0.02269
1061 0.09921 0.44530 0.02189
1062 0.10200 0.45800 0.02247
1063 0.10017 0.44994 0.02204
1064 0.10121 0.45479 0.02223
1065 0.10092 0.45366 0.02214
1066 0.09736 0.43787 0.02133
1067 0.09898 0.44530 0.02165
1068 0.09803 0.44120 0.02141
1069 0.08994 0.40496 0.01962
1070 0.09439 0.42517 0.02056
1071 0.09375 0.42246 0.02039
1072 0.09351 0.42152 0.02031
1073 0.08992 0.40549 0.01950
1074 0.09298 0.41945 0.02014
1075 0.08989 0.40570 0.01944
1076 0.09134 0.41241 0.01973
1077 0.09057 0.40907 0.01954
1078 0.08995 0.40645 0.01938
1079 0.08509 0.38463 0.01830
1080 0.08693 0.39308 0.01867
1081 0.08316 0.37620 0.01784
1082 0.08319 0.37646 0.01782
1083 0.07961 0.36038 0.01703
1084 0.08104 0.36699 0.01731
1085 0.07917 0.35866 0.01689
1086 0.07994 0.36230 0.01703
1087 0.07501 0.34007 0.01595
1088 0.07949 0.36054 0.01688
1089 0.07643 0.34676 0.01621
1090 0.07690 0.34903 0.01629
1091 0.07531 0.34194 0.01593
1092 0.07137 0.32417 0.01508
1093 0.06834 0.31053 0.01442
1094 0.06036 0.27440 0.01272
1095 0.06399 0.29101 0.01346
1096 0.06164 0.28040 0.01295
1097 0.05679 0.25843 0.01191
1098 0.05153 0.23457 0.01080
1099 0.04789 0.21809 0.01002
1100 0.04584 0.20882 0.00958
1101 0.04446 0.20263 0.00928
1102 0.04295 0.19579 0.00895
1103 0.04455 0.20315 0.00927
1104 0.04315 0.19684 0.00896
1105 0.04148 0.18930 0.00861
1106 0.03976 0.18151 0.00824
1107 0.03896 0.17794 0.00806
1108 0.03900 0.17817 0.00806
1109 0.04008 0.18319 0.00827
1110 0.04030 0.18427 0.00831
1111 0.03783 0.17303 0.00779
1112 0.03388 0.15501 0.00696
1113 0.02975 0.13617 0.00611
1114 0.02501 0.11451 0.00513
1115 0.01931 0.08842 0.00395
1116 0.01418 0.06496 0.00290
1117 0.00983 0.04507 0.00201
1118 0.00659 0.03019 0.00134
1119 0.00435 0.01996 0.00089
1120 0.00302 0.01385 0.00061
1121 0.00223 0.01025 0.00045
1122 0.00194 0.00892 0.00039
1123 0.00192 0.00881 0.00039
1124 0.00192 0.00884 0.00039
1125 0.00206 0.00946 0.00042
1126 0.00210 0.00966 0.00042
1127 0.00225 0.01035 0.00045
1128 0.00257 0.01180 0.00052
1129 0.00359 0.01650 0.00072
1130 0.00522 0.02403 0.00105
1131 0.00678 0.03123 0.00136
1132 0.00565 0.02605 0.00113
1133 0.00317 0.01461 0.00063
1134 0.00230 0.01058 0.00046
1135 0.00217 0.01003 0.00043
1136 0.00272 0.01256 0.00054
1137 0.00508 0.02343 0.00101
1138 0.00962 0.04442 0.00191
1139 0.01408 0.06500 0.00279
1140 0.01474 0.06807 0.00292
1141 0.01332 0.06156 0.00263
1142 0.01143 0.05284 0.00226
1143 0.00880 0.04070 0.00174
1144 0.00691 0.03194 0.00136
1145 0.00596 0.02756 0.00117
1146 0.00576 0.02666 0.00113
1147 0.00621 0.02873 0.00122
1148 0.00724 0.03355 0.00142
1149 0.00865 0.04008 0.00169
1150 0.01000 0.04632 0.00195
1151 0.01084 0.05025 0.00212
1152 0.01151 0.05336 0.00224
1153 0.01241 0.05753 0.00241
1154 0.01381 0.06406 0.00268
1155 0.01592 0.07388 0.00309
1156 0.01849 0.08583 0.00358
1157 0.02295 0.10659 0.00444
1158 0.02833 0.13159 0.00548
1159 0.03302 0.15341 0.00638
1160 0.03667 0.17044 0.00707
1161 0.03931 0.18275 0.00757
1162 0.04407 0.20497 0.00848
1163 0.04761 0.22148 0.00915
1164 0.04936 0.22969 0.00947
1165 0.05201 0.24212 0.00997
1166 0.05145 0.23960 0.00985
1167 0.05257 0.24486 0.01005
1168 0.05345 0.24906 0.01020
1169 0.05223 0.24343 0.00996
1170 0.05430 0.25315 0.01034
1171 0.05477 0.25544 0.01042
1172 0.05460 0.25470 0.01037
1173 0.05469 0.25522 0.01037
1174 0.05536 0.25839 0.01049
1175 0.05545 0.25892 0.01049
1176 0.05460 0.25501 0.01032
1177 0.05698 0.26622 0.01075
1178 0.05565 0.26010 0.01049
1179 0.05424 0.25354 0.01021
1180 0.05317 0.24865 0.01000
1181 0.05162 0.24145 0.00969
1182 0.05079 0.23764 0.00952
1183 0.04756 0.22260 0.00891
1184 0.04996 0.23389 0.00934
1185 0.05100 0.23882 0.00953
1186 0.05077 0.23782 0.00947
1187 0.05088 0.23842 0.00948
1188 0.05089 0.23851 0.00947
1189 0.04863 0.22798 0.00904
1190 0.05253 0.24636 0.00975
1191 0.05585 0.26199 0.01035
1192 0.05767 0.27064 0.01068
1193 0.05849 0.27456 0.01082
1194 0.05834 0.27391 0.01078
1195 0.05712 0.26828 0.01054
1196 0.05616 0.26383 0.01035
1197 0.05518 0.25929 0.01015
1198 0.05280 0.24817 0.00970
1199 0.05050 0.23744 0.00927
1200 0.05366 0.25236 0.00984
1201 0.05420 0.25499 0.00992
1202 0.05483 0.25803 0.01003
1203 0.05326 0.25068 0.00973
1204 0.05546 0.26113 0.01012
1205 0.05819 0.27403 0.01060
1206 0.05917 0.27876 0.01077
1207 0.06076 0.28630 0.01104
1208 0.06001 0.28287 0.01089
1209 0.05571 0.26266 0.01010
1210 0.05876 0.27713 0.01064
1211 0.05634 0.26579 0.01019
1212 0.05792 0.27331 0.01046
1213 0.05822 0.27481 0.01050
1214 0.05869 0.27708 0.01057
1215 0.06011 0.28387 0.01082
1216 0.06122 0.28920 0.01100
1217 0.06261 0.29582 0.01124
1218 0.06412 0.30306 0.01150
1219 0.06490 0.30683 0.01162
1220 0.06609 0.31256 0.01182
1221 0.06626 0.31340 0.01183
1222 0.06604 0.31247 0.01178
1223 0.06609 0.31277 0.01178
1224 0.06692 0.31682 0.01191
1225 0.06705 0.31747 0.01192
1226 0.06784 0.32130 0.01204
1227 0.06626 0.31393 0.01175
1228 0.06905 0.32721 0.01223
1229 0.06965 0.33016 0.01232
1230 0.07017 0.33270 0.01240
1231 0.07090 0.33625 0.01251
1232 0.07061 0.33499 0.01244
1233 0.07175 0.34047 0.01263
1234 0.07192 0.34133 0.01264
1235 0.07195 0.34158 0.01263
1236 0.07296 0.34650 0.01280
1237 0.07327 0.34802 0.01283
1238 0.07362 0.34977 0.01288
1239 0.07307 0.34725 0.01277
1240 0.07295 0.34677 0.01273
1241 0.07370 0.35045 0.01285
1242 0.07342 0.34919 0.01278
1243 0.07261 0.34541 0.01263
1244 0.07194 0.34233 0.01250
1245 0.07320 0.34843 0.01270
1246 0.07253 0.34533 0.01257
1247 0.07221 0.34388 0.01250
1248 0.07285 0.34703 0.01259
1249 0.07269 0.34635 0.01255
1250 0.07254 0.34569 0.01251
1251 0.07219 0.34410 0.01243
1252 0.07196 0.34313 0.01238
1253 0.07123 0.33973 0.01224
1254 0.07148 0.34098 0.01227
1255 0.07140 0.34070 0.01224
1256 0.07116 0.33964 0.01218
1257 0.07046 0.33637 0.01205
1258 0.07088 0.33844 0.01211
1259 0.07030 0.33577 0.01199
1260 0.07030 0.33584 0.01198
1261 0.07029 0.33590 0.01196
1262 0.06890 0.32933 0.01171
1263 0.06975 0.33346 0.01184
1264 0.06869 0.32849 0.01165
1265 0.06874 0.32882 0.01165
1266 0.06935 0.33177 0.01173
1267 0.06803 0.32557 0.01150
1268 0.06743 0.32277 0.01138
1269 0.06798 0.32547 0.01146
1270 0.06790 0.32517 0.01143
1271 0.06793 0.32538 0.01143
1272 0.06738 0.32282 0.01132
1273 0.06715 0.32180 0.01127
1274 0.06661 0.31928 0.01116
1275 0.06678 0.32018 0.01118
1276 0.06652 0.31904 0.01112
1277 0.06610 0.31707 0.01104
1278 0.06542 0.31387 0.01091
1279 0.06457 0.30987 0.01076
1280 0.06418 0.30805 0.01068
1281 0.06218 0.29855 0.01034
1282 0.05519 0.26506 0.00917
1283 0.06055 0.29085 0.01004
1284 0.06290 0.30222 0.01042
1285 0.06258 0.30074 0.01036
1286 0.06152 0.29570 0.01017
1287 0.06070 0.29185 0.01002
1288 0.05914 0.28441 0.00975
1289 0.05868 0.28226 0.00967
1290 0.05672 0.27289 0.00933
1291 0.05722 0.27535 0.00940
1292 0.05711 0.27492 0.00938
1293 0.05669 0.27292 0.00929
1294 0.05469 0.26339 0.00896
1295 0.05385 0.25936 0.00881
1296 0.05265 0.25367 0.00860
1297 0.05107 0.24612 0.00834
1298 0.04971 0.23958 0.00810
1299 0.04942 0.23828 0.00805
1300 0.04849 0.23381 0.00789
1301 0.04753 0.22923 0.00772
1302 0.04584 0.22116 0.00744
1303 0.04445 0.21447 0.00720
1304 0.04341 0.20953 0.00703
1305 0.04239 0.20465 0.00686
1306 0.04109 0.19842 0.00664
1307 0.03975 0.19198 0.00641
1308 0.03868 0.18683 0.00623
1309 0.03773 0.18230 0.00607
1310 0.03610 0.17448 0.00581
1311 0.03420 0.16529 0.00549
1312 0.03229 0.15612 0.00518
1313 0.02985 0.14436 0.00478
1314 0.03013 0.14576 0.00482
1315 0.02851 0.13795 0.00456
1316 0.02826 0.13675 0.00451
1317 0.02733 0.13226 0.00436
1318 0.02529 0.12242 0.00403
1319 0.02405 0.11647 0.00383
1320 0.02256 0.10926 0.00359
1321 0.02164 0.10484 0.00344
1322 0.02138 0.10361 0.00339
1323 0.02158 0.10459 0.00342
1324 0.02168 0.10508 0.00343
1325 0.02058 0.09976 0.00325
1326 0.01793 0.08695 0.00283
1327 0.01441 0.06990 0.00227
1328 0.01123 0.05449 0.00177
1329 0.00836 0.04059 0.00132
1330 0.00694 0.03369 0.00109
1331 0.00614 0.02980 0.00096
1332 0.00571 0.02774 0.00090
1333 0.00596 0.02896 0.00093
1334 0.00638 0.03099 0.00100
1335 0.00715 0.03475 0.00112
1336 0.00803 0.03902 0.00125
1337 0.00903 0.04388 0.00141
1338 0.00984 0.04781 0.00153
1339 0.01048 0.05096 0.00163
1340 0.01101 0.05355 0.00171
1341 0.01136 0.05525 0.00176
1342 0.01071 0.05210 0.00166
1343 0.00894 0.04349 0.00138
1344 0.00648 0.03152 0.00100
1345 0.00412 0.02005 0.00064
1346 0.00231 0.01124 0.00036
1347 0.00126 0.00614 0.00019
1348 0.00062 0.00300 0.00010
1349 0.00028 0.00137 0.00004
1350 0.00011 0.00053 0.00002
1351 0.00004 0.00019 0.00001
1352 0.00001 0.00007 0.00000
1353 0.00000 0.00002 0.00000
1354 0.00000 0.00001 0.00000
1355 0.00000 0.00000 0.00000
1356 0.00000 0.00000 0.00000
1357 0.00000 0.00000 0.00000
1358 0.00000 0.00000 0.00000
1359 0.00000 0.00000 0.00000
1360 0.00000 0.00000 0.00000
1361 0.00000 0.00000 0.00000
1362 0.00000 0.00000 0.00000
1363 0.00000 0.00000 0.00000
1364 0.00000 0.00000 0.00000
1365 0.00000 0.00000 0.00000
1366 0.00000 0.00000 0.00000
1367 0.00000 0.00000 0.00000
1368 0.00000 0.00000 0.00000
1369 0.00000 0.00000 0.00000
1370 0.00000 0.00000 0.00000
1371 0.00000 0.00000 0.00000
1372 0.00000 0.00000 0.00000
1373 0.00000 0.00000 0.00000
1374 0.00000 0.00000 0.00000
1375 0.00000 0.00001 0.00000
1376 0.00000 0.00001 0.00000
1377 0.00000 0.00000 0.00000
1378 0.00000 0.00000 0.00000
1379 0.00000 0.00000 0.00000
1380 0.00000 0.00000 0.00000
1381 0.00000 0.00000 0.00000
1382 0.00000 0.00000 0.00000
1383 0.00000 0.00000 0.00000
1384 0.00000 0.00000 0.00000
1385 0.00000 0.00000 0.00000
1386 0.00000 0.00000 0.00000
1387 0.00000 0.00000 0.00000
1388 0.00000 0.00000 0.00000
1389 0.00000 0.00001 0.00000
1390 0.00000 0.00001 0.00000
1391 0.00000 0.00001 0.00000
1392 0.00000 0.00001 0.00000
1393 0.00000 0.00000 0.00000
1394 0.00000 0.00000 0.00000
1395 0.00000 0.00000 0.00000
1396 0.00000 0.00000 0.00000
1397 0.00000 0.00000 0.00000
1398 0.00000 0.00000 0.00000
1399 0.00000 0.00001 0.00000
1400 0.00000 0.00001 0.00000
1401 0.00000 0.00001 0.00000
1402 0.00000 0.00001 0.00000
1403 0.00000 0.00001 0.00000
1404 0.00000 0.00001 0.00000
1405 0.00000 0.00002 0.00000
1406 0.00000 0.00002 0.00000
1407 0.00001 0.00003 0.00000
1408 0.00001 0.00004 0.00000
1409 0.00001 0.00006 0.00000
1410 0.00002 0.00009 0.00000
1411 0.00003 0.00016 0.00000
1412 0.00005 0.00025 0.00001
1413 0.00008 0.00038 0.00001
1414 0.00011 0.00052 0.00002
1415 0.00012 0.00062 0.00002
1416 0.00014 0.00069 0.00002
1417 0.00016 0.00077 0.00002
1418 0.00018 0.00090 0.00003
1419 0.00021 0.00106 0.00003
1420 0.00025 0.00122 0.00004
1421 0.00028 0.00139 0.00004
1422 0.00031 0.00151 0.00004
1423 0.00033 0.00164 0.00005
1424 0.00037 0.00183 0.00005
1425 0.00041 0.00205 0.00006
1426 0.00042 0.00210 0.00006
1427 0.00046 0.00227 0.00007
1428 0.00050 0.00245 0.00007
1429 0.00050 0.00249 0.00007
1430 0.00051 0.00255 0.00007
1431 0.00053 0.00260 0.00007
1432 0.00053 0.00261 0.00007
1433 0.00052 0.00258 0.00007
1434 0.00050 0.00247 0.00007
1435 0.00050 0.00250 0.00007
1436 0.00054 0.00267 0.00008
1437 0.00059 0.00294 0.00008
1438 0.00066 0.00328 0.00009
1439 0.00076 0.00376 0.00011
1440 0.00076 0.00379 0.00011
1441 0.00086 0.00425 0.00012
1442 0.00089 0.00439 0.00012
1443 0.00093 0.00461 0.00013
1444 0.00099 0.00489 0.00014
1445 0.00102 0.00505 0.00014
1446 0.00105 0.00521 0.00015
1447 0.00105 0.00519 0.00015
1448 0.00106 0.00525 0.00015
1449 0.00109 0.00543 0.00015
1450 0.00117 0.00578 0.00016
1451 0.00128 0.00634 0.00018
1452 0.00143 0.00712 0.00020
1453 0.00172 0.00855 0.00024
1454 0.00215 0.01065 0.00030
1455 0.00271 0.01346 0.00037
1456 0.00340 0.01691 0.00047
1457 0.00406 0.02015 0.00056
1458 0.00443 0.02201 0.00061
1459 0.00446 0.02216 0.00061
1460 0.00411 0.02045 0.00056
1461 0.00373 0.01854 0.00051
1462 0.00326 0.01622 0.00045
1463 0.00276 0.01374 0.00038
1464 0.00236 0.01175 0.00032
1465 0.00203 0.01012 0.00028
1466 0.00164 0.00816 0.00022
1467 0.00140 0.00696 0.00019
1468 0.00120 0.00595 0.00016
1469 0.00114 0.00569 0.00016
1470 0.00117 0.00583 0.00016
1471 0.00127 0.00634 0.00017
1472 0.00149 0.00741 0.00020
1473 0.00180 0.00894 0.00024
1474 0.00218 0.01084 0.00029
1475 0.00282 0.01403 0.00038
1476 0.00329 0.01638 0.00044
1477 0.00358 0.01785 0.00048
1478 0.00362 0.01805 0.00049
1479 0.00364 0.01813 0.00049
1480 0.00363 0.01810 0.00049
1481 0.00358 0.01787 0.00048
1482 0.00368 0.01838 0.00049
1483 0.00376 0.01874 0.00050
1484 0.00410 0.02043 0.00055
1485 0.00463 0.02308 0.00062
1486 0.00511 0.02549 0.00068
1487 0.00577 0.02883 0.00077
1488 0.00580 0.02893 0.00077
1489 0.00770 0.03847 0.00102
1490 0.00915 0.04572 0.00122
1491 0.01104 0.05515 0.00146
1492 0.01261 0.06301 0.00167
1493 0.01458 0.07285 0.00193
1494 0.01597 0.07979 0.00211
1495 0.01705 0.08522 0.00225
1496 0.01775 0.08872 0.00234
1497 0.01955 0.09773 0.00258
1498 0.02114 0.10572 0.00279
1499 0.02220 0.11100 0.00292
1500 0.02381 0.11908 0.00313
1501 0.02478 0.12398 0.00326
1502 0.02532 0.12668 0.00332
1503 0.02324 0.11627 0.00305
1504 0.02459 0.12304 0.00322
1505 0.02482 0.12423 0.00325
1506 0.02559 0.12809 0.00334
1507 0.02757 0.13804 0.00360
1508 0.02810 0.14069 0.00366
1509 0.02930 0.14675 0.00382
1510 0.03080 0.15429 0.00401
1511 0.03167 0.15868 0.00412
1512 0.03172 0.15895 0.00412
1513 0.03210 0.16087 0.00417
1514 0.03207 0.16074 0.00416
1515 0.03326 0.16671 0.00431
1516 0.03346 0.16774 0.00433
1517 0.03386 0.16977 0.00438
1518 0.03520 0.17651 0.00455
1519 0.03550 0.17807 0.00458
1520 0.03656 0.18341 0.00471
1521 0.03661 0.18365 0.00471
1522 0.03710 0.18615 0.00477
1523 0.03868 0.19413 0.00497
1524 0.03892 0.19537 0.00500
1525 0.03846 0.19307 0.00493
1526 0.03984 0.20001 0.00511
1527 0.03964 0.19904 0.00508
1528 0.04018 0.20178 0.00514
1529 0.04040 0.20292 0.00516
1530 0.03827 0.19224 0.00489
1531 0.04138 0.20790 0.00528
1532 0.04160 0.20904 0.00530
1533 0.04194 0.21078 0.00534
1534 0.04176 0.20991 0.00531
1535 0.04215 0.21188 0.00535
1536 0.04307 0.21657 0.00547
1537 0.04332 0.21786 0.00549
1538 0.04228 0.21266 0.00536
1539 0.04339 0.21824 0.00549
1540 0.04197 0.21113 0.00531
1541 0.04288 0.21574 0.00542
1542 0.04333 0.21803 0.00547
1543 0.04328 0.21784 0.00546
1544 0.04386 0.22078 0.00552
1545 0.04396 0.22133 0.00553
1546 0.04390 0.22105 0.00552
1547 0.04352 0.21916 0.00547
1548 0.04234 0.21323 0.00531
1549 0.04354 0.21932 0.00546
1550 0.04329 0.21808 0.00542
1551 0.04318 0.21758 0.00540
1552 0.04388 0.22109 0.00548
1553 0.04375 0.22050 0.00546
1554 0.04218 0.21258 0.00526
1555 0.04286 0.21605 0.00534
1556 0.04209 0.21221 0.00524
1557 0.04341 0.21888 0.00540
1558 0.04309 0.21733 0.00536
1559 0.04308 0.21727 0.00535
1560 0.04239 0.21386 0.00526
1561 0.04331 0.21849 0.00537
1562 0.04325 0.21825 0.00536
1563 0.04257 0.21483 0.00527
1564 0.04190 0.21148 0.00518
1565 0.04270 0.21552 0.00527
1566 0.04175 0.21076 0.00515
1567 0.04211 0.21260 0.00519
1568 0.04167 0.21045 0.00513
1569 0.04222 0.21324 0.00519
1570 0.04148 0.20955 0.00510
1571 0.04269 0.21565 0.00524
1572 0.04275 0.21599 0.00524
1573 0.04215 0.21301 0.00516
1574 0.04203 0.21241 0.00515
1575 0.03897 0.19697 0.00477
1576 0.04190 0.21182 0.00512
1577 0.03784 0.19130 0.00462
1578 0.04140 0.20933 0.00505
1579 0.04137 0.20922 0.00504
1580 0.04199 0.21237 0.00511
1581 0.04179 0.21141 0.00508
1582 0.04062 0.20551 0.00494
1583 0.04091 0.20699 0.00497
1584 0.04039 0.20441 0.00490
1585 0.04133 0.20919 0.00501
1586 0.04081 0.20658 0.00494
1587 0.04029 0.20394 0.00487
1588 0.03959 0.20046 0.00478
1589 0.03616 0.18309 0.00436
1590 0.03882 0.19658 0.00468
1591 0.03794 0.19216 0.00457
1592 0.03979 0.20158 0.00479
1593 0.04069 0.20617 0.00489
1594 0.04034 0.20439 0.00485
1595 0.04065 0.20597 0.00488
1596 0.03811 0.19315 0.00457
1597 0.03975 0.20147 0.00476
1598 0.04077 0.20669 0.00488
1599 0.03959 0.20070 0.00473
1600 0.04050 0.20538 0.00484
1601 0.03902 0.19786 0.00466
1602 0.04010 0.20339 0.00478
1603 0.03988 0.20230 0.00475
1604 0.04045 0.20520 0.00481
1605 0.03984 0.20214 0.00474
1606 0.03969 0.20143 0.00472
1607 0.03986 0.20229 0.00473
1608 0.04034 0.20475 0.00478
1609 0.04015 0.20384 0.00476
1610 0.03753 0.19052 0.00444
1611 0.03864 0.19618 0.00457
1612 0.03877 0.19689 0.00458
1613 0.03956 0.20091 0.00467
1614 0.03907 0.19845 0.00461
1615 0.03973 0.20183 0.00468
1616 0.03715 0.18875 0.00437
1617 0.03815 0.19384 0.00449
1618 0.03948 0.20064 0.00464
1619 0.03936 0.20005 0.00462
1620 0.03827 0.19451 0.00449
1621 0.03782 0.19229 0.00443
1622 0.03869 0.19670 0.00453
1623 0.03955 0.20110 0.00463
1624 0.03992 0.20301 0.00467
1625 0.03882 0.19743 0.00453
1626 0.03935 0.20018 0.00459
1627 0.03929 0.19987 0.00458
1628 0.03954 0.20118 0.00460
1629 0.03947 0.20086 0.00459
1630 0.03828 0.19484 0.00445
1631 0.03887 0.19784 0.00451
1632 0.03881 0.19756 0.00450
1633 0.03827 0.19486 0.00444
1634 0.03742 0.19055 0.00433
1635 0.03835 0.19531 0.00444
1636 0.03817 0.19438 0.00441
1637 0.03653 0.18608 0.00422
1638 0.03620 0.18442 0.00418
1639 0.03585 0.18267 0.00413
1640 0.03615 0.18418 0.00416
1641 0.03594 0.18313 0.00414
1642 0.03571 0.18199 0.00411
1643 0.03660 0.18656 0.00420
1644 0.03589 0.18294 0.00412
1645 0.03597 0.18338 0.00412
1646 0.03637 0.18544 0.00417
1647 0.03661 0.18667 0.00419
1648 0.03636 0.18545 0.00416
1649 0.03548 0.18098 0.00405
1650 0.03620 0.18465 0.00413
1651 0.03535 0.18036 0.00403
1652 0.03593 0.18334 0.00409
1653 0.03557 0.18152 0.00405
1654 0.03586 0.18300 0.00408
1655 0.03520 0.17968 0.00400
1656 0.03580 0.18277 0.00407
1657 0.03546 0.18105 0.00402
1658 0.03561 0.18183 0.00404
1659 0.03499 0.17869 0.00396
1660 0.03548 0.18119 0.00401
1661 0.03566 0.18215 0.00403
1662 0.03539 0.18076 0.00400
1663 0.03527 0.18021 0.00398
1664 0.03517 0.17968 0.00396
1665 0.03490 0.17837 0.00393
1666 0.03481 0.17790 0.00392
1667 0.03503 0.17906 0.00394
1668 0.03462 0.17699 0.00389
1669 0.03466 0.17719 0.00389
1670 0.03531 0.18054 0.00396
1671 0.03515 0.17977 0.00394
1672 0.03339 0.17074 0.00374
1673 0.03432 0.17552 0.00384
1674 0.03446 0.17626 0.00385
1675 0.03413 0.17461 0.00381
1676 0.03366 0.17222 0.00375
1677 0.03383 0.17312 0.00377
1678 0.03401 0.17404 0.00379
1679 0.03356 0.17175 0.00373
1680 0.03248 0.16624 0.00361
1681 0.03139 0.16069 0.00349
1682 0.03220 0.16488 0.00357
1683 0.03298 0.16886 0.00366
1684 0.03356 0.17184 0.00372
1685 0.03363 0.17225 0.00372
1686 0.03303 0.16917 0.00365
1687 0.03322 0.17015 0.00367
1688 0.03310 0.16955 0.00365
1689 0.03252 0.16662 0.00359
1690 0.03258 0.16693 0.00359
1691 0.03279 0.16804 0.00361
1692 0.03285 0.16834 0.00361
1693 0.03260 0.16712 0.00358
1694 0.03253 0.16675 0.00357
1695 0.03246 0.16643 0.00356
1696 0.03227 0.16545 0.00354
1697 0.03193 0.16375 0.00350
1698 0.03221 0.16518 0.00352
1699 0.03185 0.16337 0.00348
1700 0.03147 0.16143 0.00344
1701 0.03136 0.16090 0.00342
1702 0.03110 0.15955 0.00339
1703 0.03036 0.15579 0.00331
1704 0.03085 0.15831 0.00336
1705 0.03090 0.15858 0.00336
1706 0.03051 0.15660 0.00331
1707 0.03040 0.15608 0.00330
1708 0.02941 0.15100 0.00319
1709 0.02991 0.15357 0.00324
1710 0.03012 0.15470 0.00326
1711 0.02772 0.14238 0.00300
1712 0.02978 0.15296 0.00322
1713 0.02994 0.15378 0.00323
1714 0.02995 0.15388 0.00323
1715 0.02993 0.15377 0.00323
1716 0.02966 0.15243 0.00320
1717 0.02921 0.15012 0.00314
1718 0.02885 0.14826 0.00310
1719 0.02886 0.14834 0.00310
1720 0.02803 0.14408 0.00301
1721 0.02753 0.14156 0.00295
1722 0.02793 0.14361 0.00299
1723 0.02652 0.13636 0.00284
1724 0.02678 0.13772 0.00286
1725 0.02695 0.13861 0.00288
1726 0.02699 0.13882 0.00288
1727 0.02675 0.13763 0.00285
1728 0.02611 0.13434 0.00278
1729 0.02657 0.13674 0.00283
1730 0.02652 0.13648 0.00282
1731 0.02606 0.13410 0.00277
1732 0.02570 0.13226 0.00273
1733 0.02386 0.12281 0.00253
1734 0.02401 0.12358 0.00255
1735 0.02413 0.12422 0.00256
1736 0.02267 0.11674 0.00240
1737 0.02218 0.11420 0.00235
1738 0.02308 0.11885 0.00244
1739 0.02309 0.11895 0.00244
1740 0.02310 0.11899 0.00244
1741 0.02238 0.11532 0.00236
1742 0.02278 0.11738 0.00240
1743 0.02238 0.11534 0.00236
1744 0.02261 0.11652 0.00238
1745 0.02181 0.11240 0.00229
1746 0.02197 0.11326 0.00231
1747 0.02132 0.10987 0.00224
1748 0.02207 0.11377 0.00231
1749 0.02176 0.11217 0.00228
1750 0.02167 0.11174 0.00227
1751 0.02122 0.10940 0.00222
1752 0.02138 0.11024 0.00223
1753 0.02144 0.11057 0.00224
1754 0.02140 0.11039 0.00223
1755 0.02108 0.10874 0.00220
1756 0.02118 0.10927 0.00221
1757 0.02097 0.10820 0.00218
1758 0.02048 0.10571 0.00213
1759 0.02019 0.10419 0.00210
1760 0.01973 0.10183 0.00205
1761 0.01908 0.09850 0.00198
1762 0.01826 0.09425 0.00189
1763 0.01822 0.09405 0.00189
1764 0.01778 0.09178 0.00184
1765 0.01771 0.09144 0.00183
1766 0.01728 0.08926 0.00178
1767 0.01697 0.08764 0.00175
1768 0.01637 0.08454 0.00169
1769 0.01613 0.08332 0.00166
1770 0.01541 0.07960 0.00159
1771 0.01499 0.07743 0.00154
1772 0.01453 0.07510 0.00149
1773 0.01399 0.07228 0.00144
1774 0.01334 0.06893 0.00137
1775 0.01258 0.06501 0.00129
1776 0.01192 0.06161 0.00122
1777 0.01121 0.05797 0.00115
1778 0.01062 0.05489 0.00109
1779 0.01017 0.05257 0.00104
1780 0.00981 0.05073 0.00100
1781 0.00952 0.04924 0.00097
1782 0.00915 0.04732 0.00093
1783 0.00897 0.04638 0.00091
1784 0.00882 0.04563 0.00090
1785 0.00858 0.04441 0.00087
1786 0.00840 0.04346 0.00085
1787 0.00816 0.04221 0.00083
1788 0.00767 0.03971 0.00078
1789 0.00717 0.03710 0.00073
1790 0.00659 0.03411 0.00067
1791 0.00607 0.03140 0.00061
1792 0.00544 0.02815 0.00055
1793 0.00479 0.02482 0.00048
1794 0.00412 0.02134 0.00042
1795 0.00349 0.01806 0.00035
1796 0.00284 0.01472 0.00029
1797 0.00228 0.01179 0.00023
1798 0.00186 0.00964 0.00019
1799 0.00154 0.00800 0.00016
1800 0.00128 0.00664 0.00013
1801 0.00105 0.00546 0.00011
1802 0.00088 0.00458 0.00009
1803 0.00075 0.00389 0.00008
1804 0.00064 0.00333 0.00006
1805 0.00054 0.00278 0.00005
1806 0.00043 0.00224 0.00004
1807 0.00035 0.00183 0.00004
1808 0.00029 0.00151 0.00003
1809 0.00024 0.00124 0.00002
1810 0.00019 0.00100 0.00002
1811 0.00015 0.00077 0.00001
1812 0.00011 0.00058 0.00001
1813 0.00009 0.00044 0.00001
1814 0.00006 0.00033 0.00001
1815 0.00005 0.00024 0.00000
1816 0.00003 0.00017 0.00000
1817 0.00002 0.00013 0.00000
1818 0.00002 0.00010 0.00000
1819 0.00002 0.00008 0.00000
1820 0.00001 0.00007 0.00000
1821 0.00001 0.00005 0.00000
1822 0.00001 0.00004 0.00000
1823 0.00000 0.00002 0.00000
1824 0.00000 0.00001 0.00000
1825 0.00000 0.00001 0.00000
1826 0.00000 0.00000 0.00000
1827 0.00000 0.00000 0.00000
1828 0.00000 0.00000 0.00000
1829 0.00000 0.00000 0.00000
1830 0.00000 0.00000 0.00000
1831 0.00000 0.00000 0.00000
1832 0.00000 0.00000 0.00000
1833 0.00000 0.00000 0.00000
1834 0.00000 0.00000 0.00000
1835 0.00000 0.00000 0.00000
1836 0.00000 0.00000 0.00000
1837 0.00000 0.00000 0.00000
1838 0.00000 0.00000 0.00000
1839 0.00000 0.00000 0.00000
1840 0.00000 0.00000 0.00000
1841 0.00000 0.00000 0.00000
1842 0.00000 0.00000 0.00000
1843 0.00000 0.00000 0.00000
1844 0.00000 0.00000 0.00000
1845 0.00000 0.00000 0.00000
1846 0.00000 0.00000 0.00000
1847 0.00000 0.00000 0.00000
1848 0.00000 0.00000 0.00000
1849 0.00000 0.00000 0.00000
1850 0.00000 0.00000 0.00000
1851 0.00000 0.00000 0.00000
1852 0.00000 0.00000 0.00000
1853 0.00000 0.00000 0.00000
1854 0.00000 0.00000 0.00000
1855 0.00000 0.00000 0.00000
1856 0.00000 0.00000 0.00000
1857 0.00000 0.00000 0.00000
1858 0.00000 0.00000 0.00000
1859 0.00000 0.00000 0.00000
1860 0.00000 0.00000 0.00000
1861 0.00000 0.00000 0.00000
1862 0.00000 0.00000 0.00000
1863 0.00000 0.00000 0.00000
1864 0.00000 0.00000 0.00000
1865 0.00000 0.00000 0.00000
1866 0.00000 0.00000 0.00000
1867 0.00000 0.00000 0.00000
1868 0.00000 0.00000 0.00000
1869 0.00000 0.00000 0.00000
1870 0.00000 0.00000 0.00000
1871 0.00000 0.00000 0.00000
1872 0.00000 0.00000 0.00000
1873 0.00000 0.00000 0.00000
1874 0.00000 0.00000 0.00000
1875 0.00000 0.00000 0.00000
1876 0.00000 0.00000 0.00000
1877 0.00000 0.00000 0.00000
1878 0.00000 0.00000 0.00000
1879 0.00000 0.00000 0.00000
1880 0.00000 0.00000 0.00000
1881 0.00000 0.00000 0.00000
1882 0.00000 0.00000 0.00000
1883 0.00000 0.00000 0.00000
1884 0.00000 0.00000 0.00000
1885 0.00000 0.00000 0.00000
1886 0.00000 0.00000 0.00000
1887 0.00000 0.00000 0.00000
1888 0.00000 0.00000 0.00000
1889 0.00000 0.00000 0.00000
1890 0.00000 0.00000 0.00000
1891 0.00000 0.00000 0.00000
1892 0.00000 0.00000 0.00000
1893 0.00000 0.00000 0.00000
1894 0.00000 0.00000 0.00000
1895 0.00000 0.00000 0.00000
1896 0.00000 0.00000 0.00000
1897 0.00000 0.00000 0.00000
1898 0.00000 0.00000 0.00000
1899 0.00000 0.00000 0.00000
1900 0.00000 0.00000 0.00000
1901 0.00000 0.00000 0.00000
1902 0.00000 0.00000 0.00000
1903 0.00000 0.00000 0.00000
1904 0.00000 0.00000 0.00000
1905 0.00000 0.00000 0.00000
1906 0.00000 0.00000 0.00000
1907 0.00000 0.00000 0.00000
1908 0.00000 0.00000 0.00000
1909 0.00000 0.00000 0.00000
1910 0.00000 0.00000 0.00000
1911 0.00000 0.00000 0.00000
1912 0.00000 0.00000 0.00000
1913 0.00000 0.00000 0.00000
1914 0.00000 0.00000 0.00000
1915 0.00000 0.00000 0.00000
1916 0.00000 0.00000 0.00000
1917 0.00000 0.00000 0.00000
1918 0.00000 0.00000 0.00000
1919 0.00000 0.00000 0.00000
1920 0.00000 0.00000 0.00000
1921 0.00000 0.00001 0.00000
1922 0.00000 0.00001 0.00000
1923 0.00000 0.00001 0.00000
1924 0.00000 0.00002 0.00000
1925 0.00000 0.00002 0.00000
1926 0.00001 0.00003 0.00000
1927 0.00001 0.00004 0.00000
1928 0.00001 0.00005 0.00000
1929 0.00001 0.00005 0.00000
1930 0.00001 0.00006 0.00000
1931 0.00001 0.00007 0.00000
1932 0.00002 0.00009 0.00000
1933 0.00002 0.00011 0.00000
1934 0.00003 0.00014 0.00000
1935 0.00003 0.00017 0.00000
1936 0.00004 0.00021 0.00000
1937 0.00005 0.00026 0.00000
1938 0.00006 0.00033 0.00001
1939 0.00007 0.00038 0.00001
1940 0.00009 0.00048 0.00001
1941 0.00011 0.00060 0.00001
1942 0.00014 0.00072 0.00001
1943 0.00016 0.00086 0.00001
1944 0.00019 0.00099 0.00002
1945 0.00022 0.00116 0.00002
1946 0.00029 0.00151 0.00003
1947 0.00038 0.00199 0.00003
1948 0.00047 0.00246 0.00004
1949 0.00057 0.00300 0.00005
1950 0.00066 0.00347 0.00006
1951 0.00075 0.00393 0.00007
1952 0.00088 0.00461 0.00008
1953 0.00101 0.00532 0.00009
1954 0.00112 0.00588 0.00010
1955 0.00124 0.00650 0.00011
1956 0.00135 0.00706 0.00012
1957 0.00147 0.00774 0.00013
1958 0.00163 0.00853 0.00014
1959 0.00177 0.00929 0.00016
1960 0.00194 0.01017 0.00017
1961 0.00215 0.01126 0.00019
1962 0.00235 0.01233 0.00021
1963 0.00259 0.01358 0.00023
1964 0.00293 0.01538 0.00026
1965 0.00342 0.01796 0.00030
1966 0.00383 0.02009 0.00034
1967 0.00448 0.02350 0.00039
1968 0.00506 0.02655 0.00044
1969 0.00560 0.02943 0.00049
1970 0.00622 0.03269 0.00055
1971 0.00666 0.03497 0.00058
1972 0.00699 0.03672 0.00061
1973 0.00698 0.03665 0.00061
1974 0.00737 0.03872 0.00065
1975 0.00767 0.04030 0.00067
1976 0.00783 0.04115 0.00068
1977 0.00790 0.04151 0.00069
1978 0.00763 0.04010 0.00067
1979 0.00823 0.04328 0.00072
1980 0.00811 0.04261 0.00071
1981 0.00834 0.04386 0.00073
1982 0.00860 0.04519 0.00075
1983 0.00877 0.04610 0.00076
1984 0.00887 0.04663 0.00077
1985 0.00903 0.04750 0.00078
1986 0.00905 0.04758 0.00079
1987 0.00921 0.04846 0.00080
1988 0.00963 0.05064 0.00083
1989 0.00994 0.05226 0.00086
1990 0.01019 0.05361 0.00088
1991 0.01053 0.05542 0.00091
1992 0.01081 0.05688 0.00093
1993 0.01091 0.05739 0.00094
1994 0.01141 0.06005 0.00098
1995 0.01203 0.06331 0.00104
1996 0.01250 0.06576 0.00108
1997 0.01279 0.06730 0.00110
1998 0.01313 0.06910 0.00113
1999 0.01408 0.07410 0.00121
2000 0.01479 0.07784 0.00127
2001 0.01555 0.08186 0.00133
2002 0.01655 0.08712 0.00142
2003 0.01620 0.08530 0.00139
2004 0.01628 0.08573 0.00139
2005 0.01665 0.08766 0.00142
2006 0.01630 0.08583 0.00139
2007 0.01680 0.08850 0.00144
2008 0.01688 0.08888 0.00144
2009 0.01679 0.08842 0.00143
2010 0.01684 0.08872 0.00144
2011 0.01689 0.08897 0.00144
2012 0.01693 0.08922 0.00144
2013 0.01694 0.08927 0.00144
2014 0.01666 0.08777 0.00142
2015 0.01678 0.08844 0.00143
2016 0.01676 0.08832 0.00142
2017 0.01656 0.08730 0.00141
2018 0.01666 0.08780 0.00141
2019 0.01646 0.08677 0.00139
2020 0.01627 0.08575 0.00138
2021 0.01566 0.08255 0.00132
2022 0.01622 0.08549 0.00137
2023 0.01620 0.08543 0.00137
2024 0.01620 0.08542 0.00137
2025 0.01606 0.08470 0.00135
2026 0.01622 0.08556 0.00137
2027 0.01611 0.08495 0.00136
2028 0.01614 0.08512 0.00136
2029 0.01589 0.08379 0.00134
2030 0.01578 0.08322 0.00133
2031 0.01582 0.08346 0.00133
2032 0.01617 0.08529 0.00136
2033 0.01621 0.08550 0.00136
2034 0.01623 0.08565 0.00136
2035 0.01565 0.08259 0.00131
2036 0.01608 0.08484 0.00135
2037 0.01620 0.08551 0.00135
2038 0.01529 0.08072 0.00128
2039 0.01585 0.08367 0.00132
2040 0.01597 0.08430 0.00133
2041 0.01594 0.08415 0.00133
2042 0.01578 0.08330 0.00131
2043 0.01577 0.08324 0.00131
2044 0.01578 0.08333 0.00131
2045 0.01580 0.08345 0.00131
2046 0.01585 0.08367 0.00132
2047 0.01575 0.08315 0.00131
2048 0.01582 0.08352 0.00131
2049 0.01604 0.08469 0.00133
2050 0.01598 0.08439 0.00132
2051 0.01593 0.08413 0.00132
2052 0.01603 0.08465 0.00133
2053 0.01598 0.08441 0.00132
2054 0.01608 0.08494 0.00133
2055 0.01633 0.08629 0.00135
2056 0.01643 0.08682 0.00136
2057 0.01652 0.08731 0.00136
2058 0.01645 0.08693 0.00135
2059 0.01651 0.08727 0.00136
2060 0.01601 0.08461 0.00132
2061 0.01439 0.07606 0.00118
2062 0.01404 0.07419 0.00115
2063 0.01346 0.07118 0.00110
2064 0.01215 0.06424 0.00100
2065 0.01244 0.06576 0.00102
2066 0.01207 0.06379 0.00099
2067 0.01171 0.06194 0.00096
2068 0.01128 0.05966 0.00092
2069 0.01112 0.05878 0.00091
2070 0.01045 0.05524 0.00085
2071 0.01056 0.05584 0.00086
2072 0.01029 0.05442 0.00084
2073 0.01025 0.05423 0.00084
2074 0.01015 0.05368 0.00083
2075 0.01013 0.05358 0.00082
2076 0.01019 0.05394 0.00083
2077 0.01036 0.05484 0.00084
2078 0.01052 0.05566 0.00085
2079 0.01047 0.05541 0.00085
2080 0.01071 0.05666 0.00087
2081 0.01074 0.05683 0.00087
2082 0.01096 0.05802 0.00089
2083 0.01088 0.05759 0.00088
2084 0.01098 0.05812 0.00089
2085 0.01113 0.05894 0.00090
2086 0.01120 0.05928 0.00090
2087 0.01125 0.05957 0.00091
2088 0.01130 0.05981 0.00091
2089 0.01132 0.05996 0.00091
2090 0.01132 0.05992 0.00091
2091 0.01124 0.05953 0.00090
2092 0.01083 0.05738 0.00087
2093 0.01120 0.05932 0.00090
2094 0.01135 0.06012 0.00091
2095 0.01102 0.05835 0.00088
2096 0.01142 0.06047 0.00092
2097 0.01148 0.06079 0.00092
2098 0.01161 0.06153 0.00093
2099 0.01177 0.06237 0.00094
2100 0.01200 0.06359 0.00096
2101 0.01213 0.06425 0.00097
2102 0.01240 0.06569 0.00099
2103 0.01240 0.06571 0.00099
2104 0.01269 0.06724 0.00101
2105 0.01282 0.06797 0.00102
2106 0.01294 0.06859 0.00103
2107 0.01301 0.06895 0.00103
2108 0.01307 0.06930 0.00104
2109 0.01308 0.06936 0.00104
2110 0.01286 0.06819 0.00102
2111 0.01325 0.07024 0.00105
2112 0.01328 0.07041 0.00105
2113 0.01330 0.07050 0.00105
2114 0.01341 0.07111 0.00106
2115 0.01345 0.07130 0.00106
2116 0.01342 0.07119 0.00106
2117 0.01313 0.06965 0.00104
2118 0.01347 0.07147 0.00106
2119 0.01356 0.07195 0.00107
2120 0.01325 0.07029 0.00104
2121 0.01349 0.07159 0.00106
2122 0.01337 0.07094 0.00105
2123 0.01339 0.07107 0.00105
2124 0.01311 0.06956 0.00103
2125 0.01338 0.07098 0.00105
2126 0.01333 0.07074 0.00105
2127 0.01306 0.06929 0.00102
2128 0.01321 0.07009 0.00104
2129 0.01312 0.06964 0.00103
2130 0.01298 0.06889 0.00102
2131 0.01298 0.06888 0.00101
2132 0.01289 0.06843 0.00101
2133 0.01279 0.06788 0.00100
2134 0.01268 0.06734 0.00099
2135 0.01263 0.06707 0.00099
2136 0.01213 0.06439 0.00095
2137 0.01251 0.06645 0.00097
2138 0.01256 0.06670 0.00098
2139 0.01254 0.06658 0.00098
2140 0.01259 0.06688 0.00098
2141 0.01266 0.06725 0.00098
2142 0.01267 0.06731 0.00098
2143 0.01265 0.06721 0.00098
2144 0.01272 0.06759 0.00099
2145 0.01263 0.06709 0.00098
2146 0.01256 0.06672 0.00097
2147 0.01272 0.06756 0.00098
2148 0.01276 0.06780 0.00099
2149 0.01275 0.06773 0.00098
2150 0.01276 0.06782 0.00099
2151 0.01276 0.06784 0.00098
2152 0.01276 0.06784 0.00098
2153 0.01267 0.06733 0.00098
2154 0.01264 0.06717 0.00097
2155 0.01258 0.06689 0.00097
2156 0.01255 0.06671 0.00096
2157 0.01248 0.06634 0.00096
2158 0.01245 0.06620 0.00096
2159 0.01240 0.06594 0.00095
2160 0.01235 0.06568 0.00095
2161 0.01237 0.06580 0.00095
2162 0.01226 0.06518 0.00094
2163 0.01228 0.06532 0.00094
2164 0.01215 0.06464 0.00093
2165 0.01176 0.06257 0.00090
2166 0.01059 0.05633 0.00081
2167 0.01159 0.06167 0.00088
2168 0.01198 0.06373 0.00091
2169 0.01231 0.06549 0.00094
2170 0.01227 0.06527 0.00093
2171 0.01238 0.06587 0.00094
2172 0.01232 0.06555 0.00094
2173 0.01233 0.06560 0.00094
2174 0.01225 0.06519 0.00093
2175 0.01222 0.06501 0.00093
2176 0.01207 0.06425 0.00092
2177 0.01193 0.06350 0.00090
2178 0.01196 0.06366 0.00091
2179 0.01147 0.06108 0.00087
2180 0.01190 0.06334 0.00090
2181 0.01182 0.06294 0.00089
2182 0.01173 0.06243 0.00089
2183 0.01141 0.06074 0.00086
2184 0.01165 0.06203 0.00088
2185 0.01167 0.06212 0.00088
2186 0.01163 0.06192 0.00088
2187 0.01161 0.06182 0.00087
2188 0.01131 0.06025 0.00085
2189 0.01123 0.05984 0.00084
2190 0.01138 0.06059 0.00085
2191 0.01155 0.06154 0.00087
2192 0.01155 0.06153 0.00087
2193 0.01156 0.06159 0.00087
2194 0.01157 0.06164 0.00087
2195 0.01156 0.06160 0.00087
2196 0.01161 0.06187 0.00087
2197 0.01159 0.06177 0.00087
2198 0.01166 0.06213 0.00087
2199 0.01167 0.06219 0.00087
2200 0.01167 0.06218 0.00087
2201 0.01168 0.06224 0.00087
2202 0.01170 0.06238 0.00087
2203 0.01175 0.06263 0.00088
2204 0.01180 0.06292 0.00088
2205 0.01183 0.06306 0.00088
2206 0.01143 0.06094 0.00085
2207 0.01135 0.06052 0.00084
2208 0.01186 0.06322 0.00088
2209 0.01168 0.06229 0.00087
2210 0.01209 0.06444 0.00090
2211 0.01214 0.06474 0.00090
2212 0.01216 0.06487 0.00090
2213 0.01223 0.06522 0.00090
2214 0.01225 0.06532 0.00091
2215 0.01231 0.06563 0.00091
2216 0.01225 0.06535 0.00090
2217 0.01213 0.06472 0.00090
2218 0.01235 0.06587 0.00091
2219 0.01242 0.06628 0.00092
2220 0.01245 0.06643 0.00092
2221 0.01246 0.06648 0.00092
2222 0.01246 0.06646 0.00092
2223 0.01250 0.06668 0.00092
2224 0.01251 0.06674 0.00092
2225 0.01252 0.06679 0.00092
2226 0.01233 0.06582 0.00090
2227 0.01240 0.06620 0.00091
2228 0.01247 0.06657 0.00091
2229 0.01262 0.06738 0.00092
2230 0.01257 0.06707 0.00092
2231 0.01262 0.06734 0.00092
2232 0.01265 0.06754 0.00092
2233 0.01268 0.06767 0.00093
2234 0.01268 0.06771 0.00093
2235 0.01267 0.06765 0.00092
2236 0.01263 0.06746 0.00092
2237 0.01265 0.06753 0.00092
2238 0.01256 0.06704 0.00091
2239 0.01228 0.06560 0.00089
2240 0.01247 0.06658 0.00091
2241 0.01260 0.06729 0.00091
2242 0.01257 0.06712 0.00091
2243 0.01239 0.06619 0.00090
2244 0.01247 0.06663 0.00090
2245 0.01251 0.06682 0.00091
2246 0.01250 0.06676 0.00090
2247 0.01248 0.06669 0.00090
2248 0.01218 0.06507 0.00088
2249 0.01243 0.06639 0.00090
2250 0.01238 0.06616 0.00089
2251 0.01237 0.06609 0.00089
2252 0.01239 0.06619 0.00089
2253 0.01229 0.06568 0.00089
2254 0.01198 0.06403 0.00086
2255 0.01229 0.06568 0.00088
2256 0.01220 0.06522 0.00088
2257 0.01220 0.06519 0.00088
2258 0.01222 0.06533 0.00088
2259 0.01223 0.06537 0.00088
2260 0.01217 0.06507 0.00087
2261 0.01210 0.06468 0.00087
2262 0.01211 0.06473 0.00087
2263 0.01166 0.06236 0.00083
2264 0.01210 0.06469 0.00087
2265 0.01203 0.06432 0.00086
2266 0.01188 0.06354 0.00085
2267 0.01199 0.06414 0.00086
2268 0.01199 0.06414 0.00086
2269 0.01198 0.06406 0.00085
2270 0.01193 0.06381 0.00085
2271 0.01182 0.06323 0.00084
2272 0.01194 0.06386 0.00085
2273 0.01194 0.06387 0.00085
2274 0.01191 0.06371 0.00085
2275 0.01173 0.06276 0.00083
2276 0.01186 0.06344 0.00084
2277 0.01185 0.06342 0.00084
2278 0.01183 0.06331 0.00084
2279 0.01178 0.06303 0.00083
2280 0.01171 0.06268 0.00083
2281 0.01116 0.05970 0.00079
2282 0.01148 0.06143 0.00081
2283 0.01148 0.06144 0.00081
2284 0.01144 0.06123 0.00081
2285 0.01137 0.06087 0.00080
2286 0.01138 0.06093 0.00080
2287 0.01136 0.06081 0.00080
2288 0.01128 0.06037 0.00079
2289 0.01125 0.06020 0.00079
2290 0.01122 0.06005 0.00079
2291 0.01111 0.05948 0.00078
2292 0.01114 0.05962 0.00078
2293 0.01110 0.05943 0.00078
2294 0.01057 0.05659 0.00074
2295 0.01083 0.05801 0.00076
2296 0.01079 0.05776 0.00076
2297 0.01059 0.05671 0.00074
2298 0.01081 0.05790 0.00076
2299 0.01082 0.05794 0.00076
2300 0.01078 0.05773 0.00075
2301 0.01076 0.05762 0.00075
2302 0.01080 0.05783 0.00075
2303 0.01076 0.05762 0.00075
2304 0.01070 0.05733 0.00075
2305 0.01068 0.05723 0.00074
2306 0.01066 0.05712 0.00074
2307 0.01061 0.05686 0.00074
2308 0.01057 0.05663 0.00073
2309 0.01047 0.05612 0.00073
2310 0.01044 0.05592 0.00072
2311 0.01046 0.05603 0.00073
2312 0.01040 0.05572 0.00072
2313 0.01043 0.05589 0.00072
2314 0.01035 0.05548 0.00072
2315 0.01017 0.05449 0.00070
2316 0.01029 0.05518 0.00071
2317 0.01017 0.05450 0.00070
2318 0.01129 0.06053 0.00078
2319 0.01124 0.06026 0.00078
2320 0.01134 0.06080 0.00078
2321 0.01134 0.06081 0.00078
2322 0.01134 0.06081 0.00078
2323 0.01067 0.05724 0.00073
2324 0.01097 0.05885 0.00076
2325 0.01106 0.05930 0.00076
2326 0.01084 0.05814 0.00075
2327 0.01106 0.05931 0.00076
2328 0.01112 0.05967 0.00076
2329 0.01107 0.05940 0.00076
2330 0.01106 0.05932 0.00076
2331 0.01101 0.05905 0.00075
2332 0.01106 0.05932 0.00076
2333 0.01104 0.05924 0.00076
2334 0.01103 0.05915 0.00075
2335 0.01086 0.05826 0.00074
2336 0.01094 0.05871 0.00075
2337 0.01101 0.05907 0.00075
2338 0.01094 0.05872 0.00075
2339 0.01066 0.05720 0.00073
2340 0.01096 0.05881 0.00075
2341 0.01098 0.05890 0.00075
2342 0.01098 0.05891 0.00075
2343 0.01093 0.05864 0.00074
2344 0.01089 0.05847 0.00074
2345 0.01088 0.05838 0.00074
2346 0.01089 0.05847 0.00074
2347 0.01083 0.05812 0.00073
2348 0.01081 0.05803 0.00073
2349 0.01088 0.05839 0.00074
2350 0.01079 0.05795 0.00073
2351 0.01078 0.05786 0.00073
2352 0.01061 0.05697 0.00072
2353 0.01018 0.05464 0.00069
2354 0.01044 0.05608 0.00071
2355 0.01056 0.05671 0.00071
2356 0.01053 0.05653 0.00071
2357 0.01044 0.05609 0.00070
2358 0.01044 0.05609 0.00070
2359 0.01059 0.05690 0.00071
2360 0.01059 0.05690 0.00071
2361 0.01051 0.05646 0.00071
2362 0.01053 0.05655 0.00071
2363 0.01051 0.05646 0.00071
2364 0.01054 0.05665 0.00071
2365 0.01051 0.05647 0.00070
2366 0.01053 0.05656 0.00071
2367 0.01053 0.05657 0.00071
2368 0.01048 0.05630 0.00070
2369 0.01038 0.05576 0.00069
2370 0.01029 0.05532 0.00069
2371 0.01041 0.05595 0.00070
2372 0.01041 0.05595 0.00070
2373 0.01038 0.05578 0.00069
2374 0.00988 0.05309 0.00066
2375 0.01021 0.05489 0.00068
2376 0.01038 0.05579 0.00069
2377 0.01034 0.05561 0.00069
2378 0.01031 0.05543 0.00069
2379 0.01035 0.05561 0.00069
2380 0.01031 0.05544 0.00069
2381 0.01028 0.05526 0.00068
2382 0.01031 0.05544 0.00068
2383 0.00981 0.05276 0.00065
2384 0.00979 0.05267 0.00065
2385 0.00988 0.05312 0.00065
2386 0.00995 0.05348 0.00066
2387 0.00980 0.05268 0.00065
2388 0.01006 0.05411 0.00067
2389 0.01003 0.05394 0.00066
2390 0.01010 0.05430 0.00067
2391 0.01008 0.05421 0.00067
2392 0.01006 0.05413 0.00066
2393 0.00995 0.05350 0.00066
2394 0.01008 0.05422 0.00066
2395 0.00998 0.05369 0.00066
2396 0.00998 0.05369 0.00066
2397 0.01003 0.05396 0.00066
2398 0.00996 0.05360 0.00065
2399 0.00998 0.05370 0.00066
2400 0.00990 0.05325 0.00065
2401 0.00991 0.05334 0.00065
2402 0.00996 0.05361 0.00065
2403 0.00990 0.05326 0.00065
2404 0.00988 0.05317 0.00065
2405 0.00995 0.05353 0.00065
2406 0.00980 0.05273 0.00064
2407 0.00985 0.05300 0.00064
2408 0.00986 0.05309 0.00064
2409 0.00983 0.05292 0.00064
2410 0.00983 0.05292 0.00064
2411 0.00985 0.05301 0.00064
2412 0.00983 0.05292 0.00064
2413 0.00980 0.05275 0.00064
2414 0.00945 0.05086 0.00061
2415 0.00945 0.05086 0.00061
2416 0.00910 0.04898 0.00059
2417 0.00950 0.05114 0.00062
2418 0.00958 0.05159 0.00062
2419 0.00965 0.05195 0.00063
2420 0.00955 0.05142 0.00062
2421 0.00963 0.05187 0.00062
2422 0.00960 0.05169 0.00062
2423 0.00953 0.05133 0.00062
2424 0.00956 0.05152 0.00062
2425 0.00946 0.05098 0.00061
2426 0.00958 0.05161 0.00062
2427 0.00948 0.05107 0.00061
2428 0.00948 0.05108 0.00061
2429 0.00955 0.05144 0.00062
2430 0.00948 0.05108 0.00061
2431 0.00946 0.05099 0.00061
2432 0.00953 0.05136 0.00061
2433 0.00951 0.05127 0.00061
2434 0.00931 0.05019 0.00060
2435 0.00921 0.04966 0.00059
2436 0.00946 0.05101 0.00061
2437 0.00941 0.05074 0.00060
2438 0.00918 0.04948 0.00059
2439 0.00943 0.05083 0.00060
2440 0.00942 0.05075 0.00060
2441 0.00931 0.05021 0.00060
2442 0.00937 0.05048 0.00060
2443 0.00937 0.05048 0.00060
2444 0.00932 0.05022 0.00060
2445 0.00935 0.05040 0.00060
2446 0.00908 0.04896 0.00058
2447 0.00910 0.04905 0.00058
2448 0.00908 0.04897 0.00058
2449 0.00908 0.04897 0.00058
2450 0.00915 0.04933 0.00058
2451 0.00900 0.04852 0.00057
2452 0.00900 0.04853 0.00057
2453 0.00913 0.04925 0.00058
2454 0.00910 0.04907 0.00058
2455 0.00902 0.04862 0.00057
2456 0.00900 0.04854 0.00057
2457 0.00870 0.04692 0.00055
2458 0.00907 0.04890 0.00057
2459 0.00912 0.04917 0.00058
2460 0.00907 0.04890 0.00057
2461 0.00905 0.04882 0.00057
2462 0.00908 0.04900 0.00057
2463 0.00903 0.04873 0.00057
2464 0.00908 0.04900 0.00057
2465 0.00902 0.04865 0.00057
2466 0.00895 0.04829 0.00056
2467 0.00900 0.04856 0.00057
2468 0.00900 0.04856 0.00057
2469 0.00897 0.04838 0.00056
2470 0.00858 0.04631 0.00054
2471 0.00893 0.04821 0.00056
2472 0.00890 0.04803 0.00056
2473 0.00890 0.04803 0.00056
2474 0.00875 0.04722 0.00055
2475 0.00893 0.04822 0.00056
2476 0.00883 0.04768 0.00055
2477 0.00895 0.04831 0.00056
2478 0.00892 0.04814 0.00056
2479 0.00857 0.04624 0.00054
2480 0.00868 0.04688 0.00054
2481 0.00857 0.04625 0.00054
2482 0.00863 0.04661 0.00054
2483 0.00840 0.04535 0.00052
2484 0.00878 0.04743 0.00055
2485 0.00875 0.04725 0.00055
2486 0.00868 0.04689 0.00054
2487 0.00825 0.04455 0.00051
2488 0.00868 0.04689 0.00054
2489 0.00868 0.04690 0.00054
2490 0.00873 0.04717 0.00054
2491 0.00865 0.04672 0.00054
2492 0.00868 0.04690 0.00054
2493 0.00855 0.04618 0.00053
2494 0.00868 0.04691 0.00054
2495 0.00858 0.04637 0.00053
2496 0.00853 0.04610 0.00053
2497 0.00860 0.04646 0.00053
2498 0.00853 0.04610 0.00053
2499 0.00858 0.04638 0.00053
2500 0.00855 0.04620 0.00053
2501 0.00857 0.04629 0.00053
2502 0.00862 0.04656 0.00053
2503 0.00853 0.04612 0.00053
2504 0.00847 0.04576 0.00052
2505 0.00855 0.04621 0.00053
2506 0.00853 0.04612 0.00053
2507 0.00848 0.04585 0.00052
2508 0.00835 0.04513 0.00051
2509 0.00832 0.04495 0.00051
2510 0.00832 0.04496 0.00051
2511 0.00837 0.04523 0.00051
2512 0.00837 0.04523 0.00051
2513 0.00837 0.04523 0.00051
2514 0.00835 0.04514 0.00051
2515 0.00830 0.04488 0.00051
2516 0.00840 0.04542 0.00051
2517 0.00832 0.04497 0.00051
2518 0.00818 0.04425 0.00050
2519 0.00833 0.04506 0.00051
2520 0.00832 0.04498 0.00051
2521 0.00833 0.04507 0.00051
2522 0.00830 0.04489 0.00051
2523 0.00828 0.04480 0.00050
2524 0.00825 0.04462 0.00050
2525 0.00828 0.04481 0.00050
2526 0.00827 0.04472 0.00050
2527 0.00820 0.04436 0.00050
2528 0.00823 0.04454 0.00050
2529 0.00822 0.04445 0.00050
2530 0.00822 0.04445 0.00050
2531 0.00823 0.04455 0.00050
2532 0.00824 0.04455 0.00050
2533 0.00815 0.04410 0.00049
2534 0.00820 0.04437 0.00050
2535 0.00810 0.04383 0.00049
2536 0.00814 0.04401 0.00049
2537 0.00805 0.04356 0.00049
2538 0.00815 0.04411 0.00049
2539 0.00800 0.04330 0.00048
2540 0.00800 0.04330 0.00048
2541 0.00804 0.04348 0.00048
2542 0.00770 0.04168 0.00046
2543 0.00800 0.04330 0.00048
2544 0.00802 0.04340 0.00048
2545 0.00807 0.04367 0.00049
2546 0.00807 0.04367 0.00049
2547 0.00785 0.04250 0.00047
2548 0.00790 0.04277 0.00047
2549 0.00802 0.04341 0.00048
2550 0.00795 0.04305 0.00048
2551 0.00785 0.04251 0.00047
2552 0.00794 0.04296 0.00048
2553 0.00782 0.04233 0.00047
2554 0.00795 0.04305 0.00048
2555 0.00792 0.04287 0.00047
2556 0.00784 0.04242 0.00047
2557 0.00770 0.04170 0.00046
2558 0.00789 0.04270 0.00047
2559 0.00789 0.04270 0.00047
2560 0.00774 0.04189 0.00046
2561 0.00782 0.04234 0.00047
2562 0.00780 0.04225 0.00046
2563 0.00784 0.04244 0.00047
2564 0.00782 0.04235 0.00047
2565 0.00770 0.04172 0.00046
2566 0.00775 0.04199 0.00046
2567 0.00757 0.04100 0.00045
2568 0.00780 0.04227 0.00046
2569 0.00772 0.04181 0.00046
2570 0.00772 0.04182 0.00046
2571 0.00772 0.04182 0.00046
2572 0.00775 0.04200 0.00046
2573 0.00774 0.04191 0.00046
2574 0.00769 0.04164 0.00045
2575 0.00767 0.04155 0.00045
2576 0.00775 0.04201 0.00046
2577 0.00774 0.04192 0.00046
2578 0.00764 0.04138 0.00045
2579 0.00770 0.04174 0.00045
2580 0.00765 0.04147 0.00045
2581 0.00762 0.04129 0.00045
2582 0.00752 0.04075 0.00044
2583 0.00750 0.04066 0.00044
2584 0.00745 0.04039 0.00044
2585 0.00737 0.03994 0.00043
2586 0.00708 0.03840 0.00042
2587 0.00759 0.04112 0.00045
2588 0.00755 0.04094 0.00044
2589 0.00754 0.04085 0.00044
2590 0.00750 0.04067 0.00044
2591 0.00752 0.04077 0.00044
2592 0.00754 0.04086 0.00044
2593 0.00737 0.03995 0.00043
2594 0.00750 0.04068 0.00044
2595 0.00747 0.04050 0.00044
2596 0.00749 0.04059 0.00044
2597 0.00735 0.03987 0.00043
2598 0.00747 0.04051 0.00044
2599 0.00747 0.04051 0.00044
2600 0.00734 0.03978 0.00043
